# LEM I RBE scorer

s:Sc/tabulatedAlpha/Quantity                   = "RBE_TabulatedAlphaBeta"
s:Sc/tabulatedAlpha/Component                  = "Patient"
s:Sc/tabulatedAlpha/OutputQuantity             = "alpha"
d:Sc/tabulatedAlpha/PrescribedDose             = Sc/PrescribedDose Gy
sv:Sc/tabulatedAlpha/CellLines                 = Sc/CellLines
s:Sc/tabulatedAlpha/OutputType                 = Sim/DoseScorerOutputType
s:Sc/tabulatedAlpha/OutputFile                 = Sim/ScoreLabel + "_alpha_LEM"
s:Sc/tabulatedAlpha/IfOutputFileAlreadyExists  = "Overwrite"
s:Sc/tabulatedAlpha/ModelName                  = "HCP"

s:Sc/tabulatedBeta/Quantity                   = "RBE_TabulatedAlphaBeta"
s:Sc/tabulatedBeta/Component                  = "Patient"
s:Sc/tabulatedBeta/OutputQuantity             = "beta"
d:Sc/tabulatedBeta/PrescribedDose             = Sc/PrescribedDose Gy
sv:Sc/tabulatedBeta/CellLines                 = Sc/CellLines
s:Sc/tabulatedBeta/OutputType                 = Sim/DoseScorerOutputType
s:Sc/tabulatedBeta/OutputFile                 = Sim/ScoreLabel + "_beta_LEM"
s:Sc/tabulatedBeta/IfOutputFileAlreadyExists  = "Overwrite"
s:Sc/tabulatedBeta/ModelName                  = "HCP"

#s:Sc/RBE/Quantity                   = "RBE_TabulatedAlphaBeta"
#s:Sc/RBE/Component                  = "Patient"
#s:Sc/RBE/OutputQuantity             = "rbe"
#d:Sc/RBE/PrescribedDose             = Sc/PrescribedDose Gy
#sv:Sc/RBE/CellLines                 = Sc/CellLines
#s:Sc/RBE/OutputType                 = Sim/DoseScorerOutputType
#s:Sc/RBE/OutputFile                 = Sim/ScoreLabel + "_RBE_LEM"
#s:Sc/RBE/IfOutputFileAlreadyExists  = "Overwrite"
#s:Sc/RBE/ModelName                  = "HCP"

### Survival generated table ###
sv:Sc/CellGeneric_abR2/HCP/ParticleName 		= 8 "Proton" "Helium" "Lithium" "Beryllium" "Boron" "Carbon" "Nitrogen" "Oxygen"
iv:Sc/CellGeneric_abR2/HCP/ParticleZ    		= 8 1 2 3 4 5 6 7 8
dv:Sc/CellGeneric_abR2/HCP/KineticEnergyPerNucleon 	= 250 0.100 0.104 0.107 0.111 0.115 0.119 0.123 0.128 0.132 0.137 0.142 0.147 0.152 0.157 0.163 0.168 0.174 0.180 0.187 0.193 0.200 0.207 0.215 0.222 0.230 0.238 0.247 0.255 0.264 0.274 0.283 0.293 0.304 0.314 0.326 0.337 0.349 0.361 0.374 0.387 0.401 0.415 0.430 0.445 0.461 0.477 0.494 0.511 0.529 0.548 0.567 0.587 0.608 0.630 0.652 0.675 0.699 0.723 0.749 0.776 0.803 0.831 0.861 0.891 0.923 0.955 0.989 1.024 1.060 1.097 1.136 1.176 1.218 1.261 1.305 1.352 1.399 1.449 1.500 1.553 1.608 1.665 1.723 1.784 1.847 1.913 1.980 2.050 2.122 2.197 2.275 2.355 2.439 2.525 2.614 2.706 2.802 2.901 3.003 3.110 3.219 3.333 3.451 3.573 3.699 3.830 3.965 4.105 4.250 4.400 4.556 4.717 4.883 5.056 5.234 5.419 5.611 5.809 6.014 6.227 6.447 6.674 6.910 7.154 7.407 7.669 7.939 8.220 8.510 8.811 9.122 9.445 9.778 10.124 10.481 10.852 11.235 11.632 12.043 12.468 12.909 13.365 13.837 14.326 14.832 15.356 15.898 16.460 17.041 17.643 18.267 18.912 19.580 20.272 20.988 21.729 22.497 23.292 24.114 24.966 25.848 26.761 27.707 28.686 29.699 30.748 31.835 32.959 34.124 35.329 36.577 37.869 39.207 40.592 42.026 43.511 45.048 46.639 48.287 49.993 51.759 53.588 55.481 57.441 59.470 61.571 63.746 65.998 68.330 70.743 73.243 75.830 78.509 81.282 84.154 87.127 90.205 93.392 96.691 100.107 103.643 107.305 111.095 115.020 119.084 123.290 127.646 132.155 136.824 141.658 146.662 151.843 157.208 162.761 168.511 174.464 180.628 187.009 193.615 200.455 207.537 214.868 222.459 230.318 238.455 246.879 255.600 264.630 273.979 283.657 293.678 304.053 314.795 325.916 337.429 349.350 361.691 374.469 387.698 401.394 415.575 430.256 445.456 461.192 477.485 494.353 511.818 529.899 548.619 568.000 MeV 

dv:Sc/CellGeneric_abR2/HCP/Proton/Alpha 	= 250 2.363 2.313 2.262 2.213 2.165 2.118 2.071 2.025 1.981 1.937 1.894 1.852 1.811 1.771 1.732 1.695 1.658 1.622 1.587 1.553 1.520 1.487 1.456 1.425 1.395 1.366 1.338 1.310 1.284 1.257 1.231 1.206 1.182 1.158 1.135 1.112 1.090 1.068 1.046 1.026 1.005 0.985 0.966 0.947 0.929 0.911 0.892 0.875 0.858 0.841 0.824 0.808 0.793 0.777 0.762 0.747 0.732 0.718 0.704 0.690 0.676 0.663 0.650 0.637 0.625 0.612 0.600 0.588 0.577 0.565 0.553 0.541 0.529 0.517 0.506 0.495 0.484 0.474 0.463 0.452 0.442 0.432 0.422 0.413 0.403 0.393 0.384 0.375 0.366 0.357 0.348 0.339 0.331 0.323 0.315 0.307 0.299 0.291 0.283 0.276 0.268 0.261 0.253 0.247 0.239 0.233 0.226 0.220 0.214 0.208 0.203 0.197 0.192 0.187 0.182 0.178 0.173 0.169 0.165 0.161 0.157 0.154 0.150 0.147 0.144 0.141 0.138 0.135 0.132 0.130 0.127 0.125 0.122 0.120 0.118 0.116 0.114 0.112 0.110 0.108 0.106 0.105 0.103 0.101 0.100 0.098 0.097 0.095 0.094 0.093 0.092 0.090 0.089 0.088 0.087 0.086 0.085 0.084 0.083 0.082 0.081 0.080 0.079 0.079 0.078 0.077 0.076 0.076 0.075 0.074 0.073 0.073 0.072 0.072 0.071 0.070 0.070 0.069 0.069 0.068 0.068 0.067 0.067 0.066 0.066 0.065 0.065 0.065 0.064 0.064 0.063 0.063 0.063 0.062 0.062 0.061 0.061 0.061 0.060 0.060 0.060 0.060 0.059 0.059 0.059 0.058 0.058 0.058 0.058 0.057 0.057 0.057 0.057 0.056 0.056 0.056 0.056 0.055 0.055 0.055 0.055 0.054 0.054 0.054 0.054 0.054 0.053 0.053 0.053 0.053 0.053 0.052 0.052 0.052 0.052 0.052 0.052 0.051 0.051 0.051 0.051 0.051 0.050 0.050 0.050 0.050 0.050 0.050 0.050 0.049 /Gy
dv:Sc/CellGeneric_abR2/HCP/Helium/Alpha 	= 250 2.611 2.471 2.683 2.560 2.447 2.343 2.537 2.596 2.504 2.531 2.547 2.592 2.585 2.570 2.606 2.583 2.651 2.649 2.641 2.665 2.625 2.663 2.662 2.689 2.687 2.675 2.700 2.701 2.700 2.697 2.701 2.702 2.706 2.702 2.699 2.694 2.690 2.682 2.664 2.656 2.637 2.612 2.587 2.555 2.521 2.488 2.451 2.415 2.378 2.341 2.304 2.265 2.228 2.190 2.152 2.115 2.077 2.041 2.005 1.970 1.935 1.901 1.867 1.834 1.802 1.770 1.739 1.709 1.679 1.650 1.621 1.594 1.566 1.539 1.513 1.487 1.462 1.437 1.413 1.389 1.366 1.343 1.320 1.298 1.277 1.256 1.235 1.214 1.195 1.175 1.156 1.137 1.119 1.100 1.083 1.065 1.048 1.031 1.015 0.998 0.982 0.966 0.951 0.936 0.921 0.906 0.892 0.877 0.863 0.849 0.836 0.822 0.808 0.794 0.781 0.768 0.754 0.742 0.729 0.717 0.705 0.693 0.681 0.669 0.658 0.647 0.635 0.624 0.614 0.603 0.593 0.582 0.572 0.562 0.553 0.543 0.533 0.524 0.515 0.506 0.497 0.488 0.479 0.471 0.463 0.454 0.446 0.438 0.430 0.422 0.414 0.406 0.399 0.391 0.384 0.377 0.370 0.363 0.356 0.349 0.343 0.337 0.330 0.324 0.317 0.311 0.305 0.299 0.293 0.287 0.282 0.276 0.270 0.265 0.260 0.254 0.249 0.244 0.239 0.234 0.230 0.225 0.220 0.216 0.211 0.207 0.202 0.198 0.194 0.190 0.186 0.182 0.178 0.175 0.171 0.168 0.165 0.161 0.158 0.155 0.153 0.150 0.147 0.145 0.143 0.140 0.138 0.136 0.134 0.132 0.130 0.128 0.126 0.125 0.123 0.121 0.120 0.118 0.117 0.115 0.114 0.113 0.112 0.110 0.109 0.108 0.107 0.106 0.105 0.104 0.103 0.102 0.101 0.100 0.100 0.099 0.098 0.097 0.096 0.096 0.095 0.094 0.094 0.093 0.093 0.092 0.091 0.091 0.090 0.090 /Gy
dv:Sc/CellGeneric_abR2/HCP/Lithium/Alpha 	= 250 1.909 1.909 1.909 1.910 1.912 1.914 1.917 1.920 1.924 1.928 1.932 1.937 1.888 2.077 1.968 1.868 2.114 2.030 2.164 2.091 2.023 1.959 2.089 2.132 2.078 2.101 2.117 2.153 2.155 2.151 2.183 2.173 2.202 2.212 2.216 2.261 2.241 2.275 2.272 2.292 2.310 2.318 2.339 2.355 2.358 2.371 2.384 2.394 2.406 2.416 2.421 2.429 2.443 2.451 2.451 2.458 2.465 2.464 2.455 2.454 2.450 2.440 2.430 2.414 2.395 2.373 2.352 2.328 2.304 2.278 2.251 2.224 2.196 2.168 2.139 2.110 2.081 2.053 2.024 1.995 1.967 1.938 1.910 1.882 1.855 1.827 1.801 1.774 1.748 1.722 1.696 1.671 1.646 1.622 1.598 1.575 1.551 1.528 1.506 1.483 1.461 1.440 1.419 1.398 1.377 1.357 1.337 1.318 1.298 1.279 1.261 1.243 1.224 1.207 1.189 1.172 1.155 1.138 1.122 1.106 1.090 1.074 1.059 1.044 1.029 1.014 0.999 0.983 0.969 0.954 0.940 0.925 0.912 0.898 0.884 0.871 0.858 0.845 0.832 0.820 0.807 0.795 0.783 0.771 0.760 0.748 0.737 0.726 0.715 0.704 0.693 0.682 0.672 0.662 0.652 0.642 0.632 0.622 0.613 0.603 0.594 0.585 0.576 0.567 0.559 0.550 0.541 0.533 0.525 0.517 0.509 0.501 0.493 0.485 0.478 0.470 0.463 0.456 0.449 0.441 0.435 0.428 0.421 0.414 0.408 0.401 0.395 0.389 0.383 0.377 0.371 0.365 0.359 0.353 0.348 0.342 0.337 0.332 0.326 0.321 0.316 0.311 0.307 0.302 0.297 0.293 0.288 0.284 0.279 0.275 0.271 0.267 0.263 0.259 0.255 0.251 0.247 0.243 0.240 0.236 0.233 0.230 0.226 0.223 0.220 0.217 0.214 0.211 0.208 0.206 0.203 0.200 0.198 0.195 0.193 0.190 0.188 0.186 0.184 0.182 0.180 0.178 0.176 0.174 0.172 0.170 0.169 0.167 0.165 0.164 /Gy
dv:Sc/CellGeneric_abR2/HCP/Beryllium/Alpha 	= 250 1.655 1.645 1.635 1.626 1.618 1.611 1.603 1.597 1.593 1.588 1.583 1.581 1.579 1.576 1.576 1.576 1.577 1.579 1.581 1.571 1.680 1.616 1.554 1.700 1.653 1.607 1.691 1.653 1.616 1.697 1.725 1.696 1.713 1.726 1.736 1.756 1.733 1.781 1.781 1.802 1.813 1.821 1.833 1.847 1.865 1.877 1.896 1.905 1.920 1.939 1.948 1.964 1.979 1.999 2.013 2.028 2.044 2.054 2.072 2.089 2.097 2.116 2.132 2.140 2.152 2.164 2.174 2.184 2.193 2.199 2.201 2.202 2.200 2.195 2.190 2.182 2.173 2.162 2.150 2.137 2.121 2.105 2.088 2.069 2.051 2.031 2.011 1.991 1.970 1.949 1.928 1.907 1.885 1.864 1.842 1.821 1.799 1.778 1.756 1.735 1.714 1.693 1.672 1.651 1.630 1.610 1.590 1.569 1.549 1.529 1.510 1.491 1.471 1.452 1.433 1.414 1.395 1.377 1.359 1.341 1.323 1.305 1.288 1.270 1.253 1.236 1.219 1.202 1.186 1.170 1.154 1.138 1.122 1.106 1.090 1.074 1.058 1.044 1.029 1.013 0.999 0.985 0.971 0.957 0.944 0.931 0.919 0.906 0.894 0.882 0.870 0.857 0.845 0.833 0.822 0.810 0.799 0.787 0.776 0.765 0.755 0.744 0.734 0.723 0.713 0.703 0.693 0.683 0.673 0.664 0.655 0.645 0.636 0.627 0.618 0.609 0.601 0.593 0.584 0.575 0.568 0.560 0.551 0.544 0.536 0.528 0.521 0.513 0.506 0.499 0.492 0.485 0.478 0.471 0.465 0.458 0.452 0.445 0.439 0.433 0.427 0.421 0.415 0.409 0.403 0.398 0.392 0.387 0.382 0.376 0.371 0.366 0.361 0.356 0.351 0.347 0.342 0.337 0.333 0.329 0.324 0.320 0.316 0.312 0.308 0.304 0.300 0.297 0.293 0.289 0.286 0.282 0.279 0.276 0.273 0.270 0.267 0.263 0.261 0.258 0.255 0.252 0.250 0.247 0.245 0.242 0.240 0.237 0.235 0.233 /Gy
dv:Sc/CellGeneric_abR2/HCP/Boron/Alpha 	= 250 1.458 1.447 1.437 1.427 1.417 1.409 1.400 1.391 1.385 1.379 1.372 1.368 1.364 1.359 1.357 1.354 1.352 1.351 1.351 1.351 1.352 1.353 1.348 1.417 1.377 1.337 1.431 1.401 1.373 1.427 1.404 1.381 1.434 1.453 1.436 1.448 1.458 1.466 1.481 1.468 1.501 1.502 1.519 1.519 1.536 1.546 1.558 1.574 1.585 1.596 1.610 1.624 1.637 1.650 1.665 1.680 1.698 1.712 1.728 1.742 1.756 1.773 1.788 1.800 1.818 1.840 1.852 1.868 1.883 1.897 1.914 1.925 1.936 1.948 1.958 1.965 1.970 1.976 1.980 1.984 1.986 1.987 1.985 1.982 1.977 1.970 1.963 1.954 1.944 1.933 1.922 1.909 1.896 1.883 1.868 1.854 1.839 1.823 1.808 1.792 1.775 1.759 1.742 1.726 1.709 1.692 1.675 1.658 1.641 1.624 1.606 1.589 1.572 1.555 1.538 1.521 1.504 1.488 1.471 1.454 1.437 1.421 1.404 1.388 1.371 1.355 1.339 1.323 1.307 1.291 1.275 1.259 1.243 1.228 1.212 1.197 1.181 1.165 1.150 1.134 1.119 1.104 1.089 1.074 1.060 1.046 1.032 1.019 1.006 0.994 0.982 0.969 0.957 0.944 0.932 0.920 0.908 0.896 0.884 0.872 0.861 0.850 0.838 0.827 0.816 0.805 0.795 0.784 0.774 0.764 0.753 0.744 0.734 0.724 0.715 0.705 0.696 0.687 0.678 0.668 0.659 0.651 0.642 0.634 0.625 0.617 0.609 0.601 0.593 0.585 0.577 0.570 0.562 0.555 0.548 0.540 0.533 0.526 0.519 0.513 0.506 0.500 0.493 0.487 0.481 0.474 0.468 0.462 0.456 0.450 0.445 0.439 0.434 0.428 0.423 0.418 0.413 0.407 0.403 0.398 0.393 0.388 0.383 0.379 0.375 0.370 0.366 0.362 0.358 0.353 0.349 0.346 0.342 0.338 0.334 0.331 0.327 0.324 0.321 0.317 0.314 0.311 0.308 0.305 0.302 0.299 0.296 0.294 0.291 0.288 /Gy
dv:Sc/CellGeneric_abR2/HCP/Carbon/Alpha 	= 250 1.373 1.357 1.342 1.327 1.313 1.300 1.286 1.274 1.262 1.251 1.239 1.230 1.220 1.210 1.203 1.195 1.188 1.182 1.176 1.172 1.168 1.165 1.162 1.160 1.159 1.158 1.158 1.158 1.129 1.178 1.153 1.128 1.192 1.175 1.208 1.195 1.182 1.216 1.206 1.220 1.211 1.238 1.245 1.245 1.251 1.274 1.278 1.278 1.294 1.303 1.316 1.325 1.339 1.350 1.361 1.372 1.387 1.400 1.413 1.426 1.440 1.455 1.469 1.484 1.497 1.515 1.530 1.544 1.561 1.577 1.592 1.608 1.625 1.643 1.659 1.675 1.691 1.703 1.717 1.729 1.740 1.748 1.758 1.769 1.779 1.789 1.798 1.805 1.810 1.814 1.816 1.817 1.816 1.814 1.811 1.807 1.803 1.797 1.790 1.783 1.775 1.767 1.758 1.748 1.738 1.728 1.717 1.705 1.694 1.682 1.669 1.657 1.645 1.632 1.619 1.605 1.592 1.579 1.565 1.551 1.537 1.523 1.509 1.495 1.481 1.467 1.453 1.438 1.424 1.409 1.395 1.381 1.366 1.351 1.337 1.322 1.308 1.294 1.279 1.264 1.250 1.236 1.220 1.206 1.191 1.176 1.162 1.147 1.133 1.119 1.105 1.092 1.079 1.066 1.054 1.041 1.029 1.017 1.005 0.992 0.980 0.968 0.956 0.944 0.933 0.921 0.909 0.898 0.887 0.876 0.865 0.854 0.843 0.833 0.822 0.812 0.802 0.792 0.782 0.772 0.763 0.753 0.744 0.734 0.725 0.716 0.707 0.698 0.689 0.681 0.672 0.664 0.656 0.647 0.639 0.631 0.623 0.616 0.608 0.600 0.593 0.586 0.579 0.572 0.565 0.558 0.551 0.544 0.537 0.531 0.525 0.518 0.512 0.506 0.500 0.494 0.488 0.482 0.477 0.471 0.465 0.460 0.455 0.450 0.444 0.439 0.435 0.430 0.425 0.420 0.416 0.411 0.407 0.402 0.398 0.394 0.390 0.386 0.382 0.378 0.374 0.370 0.367 0.363 0.360 0.356 0.353 0.350 0.347 0.343 /Gy
dv:Sc/CellGeneric_abR2/HCP/Nitrogen/Alpha 	= 250 1.306 1.289 1.273 1.257 1.241 1.226 1.210 1.196 1.182 1.168 1.155 1.143 1.131 1.119 1.108 1.097 1.087 1.079 1.070 1.062 1.054 1.048 1.042 1.036 1.032 1.027 1.023 1.021 1.018 1.016 1.014 1.014 1.003 1.031 1.015 0.997 1.035 1.025 1.043 1.036 1.028 1.020 1.042 1.051 1.047 1.054 1.060 1.069 1.073 1.077 1.087 1.091 1.104 1.107 1.117 1.127 1.131 1.144 1.153 1.162 1.175 1.183 1.195 1.208 1.218 1.230 1.243 1.256 1.269 1.283 1.297 1.310 1.326 1.341 1.354 1.371 1.388 1.403 1.416 1.433 1.450 1.465 1.483 1.494 1.504 1.515 1.527 1.539 1.553 1.567 1.581 1.595 1.607 1.618 1.626 1.634 1.642 1.647 1.651 1.656 1.658 1.659 1.660 1.659 1.658 1.656 1.654 1.651 1.646 1.642 1.636 1.631 1.625 1.619 1.611 1.604 1.597 1.588 1.580 1.571 1.562 1.553 1.543 1.533 1.523 1.513 1.502 1.492 1.481 1.470 1.458 1.447 1.436 1.424 1.412 1.400 1.388 1.376 1.363 1.351 1.339 1.326 1.313 1.300 1.288 1.275 1.261 1.247 1.234 1.220 1.207 1.193 1.180 1.166 1.153 1.140 1.128 1.115 1.103 1.091 1.079 1.067 1.055 1.043 1.031 1.019 1.007 0.996 0.984 0.973 0.961 0.950 0.939 0.928 0.917 0.906 0.895 0.885 0.874 0.864 0.854 0.844 0.833 0.823 0.814 0.804 0.794 0.785 0.775 0.766 0.757 0.748 0.739 0.730 0.722 0.713 0.704 0.696 0.688 0.679 0.672 0.664 0.656 0.648 0.641 0.633 0.625 0.618 0.611 0.604 0.597 0.590 0.583 0.576 0.569 0.563 0.556 0.550 0.544 0.538 0.532 0.526 0.520 0.514 0.508 0.503 0.497 0.492 0.486 0.481 0.476 0.471 0.466 0.461 0.456 0.451 0.447 0.442 0.438 0.433 0.429 0.425 0.421 0.417 0.413 0.409 0.405 0.401 0.398 0.394 /Gy
dv:Sc/CellGeneric_abR2/HCP/Oxygen/Alpha 	= 250 1.292 1.270 1.249 1.229 1.209 1.189 1.169 1.150 1.132 1.113 1.095 1.079 1.062 1.046 1.032 1.017 1.003 0.990 0.978 0.966 0.955 0.945 0.936 0.927 0.919 0.912 0.906 0.900 0.896 0.891 0.887 0.884 0.881 0.879 0.878 0.877 0.868 0.886 0.877 0.867 0.891 0.886 0.898 0.896 0.892 0.889 0.905 0.912 0.911 0.918 0.924 0.932 0.937 0.942 0.951 0.956 0.967 0.975 0.982 0.991 0.999 1.007 1.016 1.028 1.038 1.046 1.058 1.069 1.079 1.090 1.101 1.114 1.126 1.139 1.151 1.164 1.178 1.192 1.206 1.220 1.234 1.249 1.264 1.279 1.294 1.308 1.322 1.335 1.344 1.354 1.365 1.377 1.391 1.406 1.420 1.435 1.450 1.462 1.473 1.485 1.494 1.503 1.511 1.517 1.524 1.529 1.533 1.537 1.539 1.542 1.542 1.543 1.544 1.544 1.542 1.541 1.540 1.536 1.534 1.531 1.526 1.522 1.518 1.512 1.507 1.501 1.495 1.489 1.482 1.475 1.468 1.461 1.453 1.445 1.437 1.428 1.419 1.410 1.401 1.392 1.382 1.372 1.362 1.352 1.342 1.331 1.321 1.310 1.299 1.288 1.276 1.264 1.252 1.240 1.228 1.216 1.204 1.191 1.179 1.167 1.155 1.143 1.131 1.119 1.108 1.096 1.085 1.073 1.061 1.050 1.039 1.027 1.016 1.005 0.994 0.983 0.972 0.961 0.951 0.940 0.929 0.919 0.908 0.898 0.888 0.878 0.868 0.858 0.848 0.839 0.829 0.820 0.810 0.801 0.792 0.783 0.774 0.765 0.756 0.748 0.739 0.731 0.722 0.714 0.706 0.698 0.690 0.683 0.675 0.667 0.660 0.652 0.645 0.638 0.630 0.623 0.616 0.609 0.603 0.596 0.590 0.583 0.577 0.570 0.564 0.558 0.552 0.546 0.540 0.535 0.529 0.524 0.518 0.513 0.507 0.502 0.497 0.492 0.487 0.482 0.478 0.473 0.468 0.464 0.460 0.455 0.451 0.447 0.443 0.439 /Gy

dv:Sc/CellGeneric_abR2/HCP/Proton/Beta 	= 250 0.011 0.012 0.013 0.014 0.015 0.015 0.016 0.017 0.018 0.019 0.019 0.020 0.021 0.021 0.022 0.023 0.023 0.024 0.025 0.025 0.026 0.026 0.027 0.027 0.028 0.028 0.029 0.029 0.030 0.030 0.031 0.031 0.032 0.032 0.032 0.033 0.033 0.034 0.034 0.034 0.035 0.035 0.035 0.036 0.036 0.036 0.037 0.037 0.037 0.037 0.038 0.038 0.038 0.039 0.039 0.039 0.039 0.040 0.040 0.040 0.040 0.041 0.041 0.041 0.041 0.041 0.042 0.042 0.042 0.042 0.042 0.043 0.043 0.043 0.043 0.043 0.044 0.044 0.044 0.044 0.044 0.044 0.045 0.045 0.045 0.045 0.045 0.045 0.046 0.046 0.046 0.046 0.046 0.046 0.046 0.047 0.047 0.047 0.047 0.047 0.047 0.047 0.047 0.048 0.048 0.048 0.048 0.048 0.048 0.048 0.048 0.048 0.048 0.049 0.049 0.049 0.049 0.049 0.049 0.049 0.049 0.049 0.049 0.049 0.049 0.049 0.049 0.049 0.049 0.050 0.050 0.050 0.050 0.050 0.050 0.050 0.050 0.050 0.050 0.050 0.050 0.050 0.050 0.050 0.050 0.050 0.050 0.050 0.050 0.050 0.050 0.050 0.050 0.050 0.050 0.050 0.050 0.050 0.050 0.050 0.050 0.050 0.050 0.050 0.050 0.050 0.050 0.050 0.050 0.050 0.050 0.050 0.050 0.050 0.050 0.050 0.051 0.051 0.051 0.051 0.051 0.051 0.051 0.051 0.051 0.051 0.051 0.051 0.051 0.051 0.051 0.051 0.051 0.051 0.051 0.051 0.051 0.051 0.051 0.051 0.051 0.051 0.051 0.051 0.051 0.051 0.051 0.051 0.051 0.051 0.051 0.051 0.051 0.051 0.051 0.051 0.051 0.051 0.051 0.051 0.051 0.051 0.051 0.051 0.051 0.051 0.051 0.051 0.051 0.051 0.051 0.051 0.051 0.051 0.051 0.051 0.051 0.051 0.051 0.051 0.051 0.051 0.051 0.051 0.051 0.051 0.051 0.051 0.051 0.051 /Gy2
dv:Sc/CellGeneric_abR2/HCP/Helium/Beta 	= 250 0.000 0.000 0.000 0.000 0.001 0.003 0.000 0.000 0.001 0.001 0.001 0.000 0.000 0.001 0.000 0.001 0.000 0.000 0.000 0.000 0.001 0.000 0.000 0.000 0.000 0.001 0.000 0.000 0.001 0.001 0.001 0.001 0.001 0.001 0.001 0.002 0.002 0.002 0.002 0.003 0.003 0.004 0.004 0.005 0.006 0.006 0.007 0.008 0.008 0.009 0.010 0.011 0.011 0.012 0.013 0.013 0.014 0.015 0.016 0.016 0.017 0.018 0.018 0.019 0.019 0.020 0.021 0.021 0.022 0.022 0.023 0.023 0.024 0.024 0.025 0.025 0.026 0.026 0.027 0.027 0.028 0.028 0.029 0.029 0.029 0.030 0.030 0.031 0.031 0.031 0.032 0.032 0.032 0.033 0.033 0.033 0.034 0.034 0.034 0.034 0.035 0.035 0.035 0.036 0.036 0.036 0.036 0.037 0.037 0.037 0.037 0.038 0.038 0.038 0.038 0.039 0.039 0.039 0.039 0.039 0.040 0.040 0.040 0.040 0.041 0.041 0.041 0.041 0.041 0.041 0.042 0.042 0.042 0.042 0.042 0.043 0.043 0.043 0.043 0.043 0.043 0.043 0.044 0.044 0.044 0.044 0.044 0.044 0.044 0.045 0.045 0.045 0.045 0.045 0.045 0.045 0.045 0.046 0.046 0.046 0.046 0.046 0.046 0.046 0.046 0.046 0.047 0.047 0.047 0.047 0.047 0.047 0.047 0.047 0.047 0.047 0.047 0.048 0.048 0.048 0.048 0.048 0.048 0.048 0.048 0.048 0.048 0.048 0.048 0.048 0.049 0.049 0.049 0.049 0.049 0.049 0.049 0.049 0.049 0.049 0.049 0.049 0.049 0.049 0.049 0.049 0.049 0.049 0.049 0.049 0.049 0.050 0.050 0.050 0.050 0.050 0.050 0.050 0.050 0.050 0.050 0.050 0.050 0.050 0.050 0.050 0.050 0.050 0.050 0.050 0.050 0.050 0.050 0.050 0.050 0.050 0.050 0.050 0.050 0.050 0.050 0.050 0.050 0.050 0.050 0.050 0.050 0.050 0.050 0.050 /Gy2
dv:Sc/CellGeneric_abR2/HCP/Lithium/Beta 	= 250 0.001 0.001 0.001 0.001 0.001 0.001 0.001 0.001 0.001 0.001 0.001 0.001 0.002 0.000 0.001 0.003 0.000 0.000 0.000 0.000 0.001 0.002 0.000 0.000 0.001 0.000 0.000 0.000 0.000 0.000 0.000 0.000 0.000 0.000 0.000 0.000 0.000 0.000 0.000 0.000 0.000 0.000 0.000 0.000 0.000 0.000 0.000 0.000 0.000 0.000 0.001 0.001 0.001 0.001 0.001 0.001 0.001 0.001 0.002 0.002 0.002 0.002 0.003 0.003 0.004 0.004 0.005 0.005 0.006 0.007 0.007 0.008 0.008 0.009 0.010 0.011 0.011 0.012 0.013 0.013 0.014 0.014 0.015 0.016 0.016 0.017 0.018 0.018 0.019 0.019 0.020 0.020 0.021 0.021 0.022 0.022 0.023 0.023 0.024 0.024 0.025 0.025 0.026 0.026 0.027 0.027 0.027 0.028 0.028 0.029 0.029 0.029 0.030 0.030 0.030 0.031 0.031 0.031 0.032 0.032 0.032 0.033 0.033 0.033 0.034 0.034 0.034 0.034 0.035 0.035 0.035 0.036 0.036 0.036 0.036 0.037 0.037 0.037 0.037 0.037 0.038 0.038 0.038 0.038 0.039 0.039 0.039 0.039 0.039 0.040 0.040 0.040 0.040 0.040 0.041 0.041 0.041 0.041 0.041 0.041 0.042 0.042 0.042 0.042 0.042 0.042 0.042 0.043 0.043 0.043 0.043 0.043 0.043 0.043 0.044 0.044 0.044 0.044 0.044 0.044 0.044 0.044 0.045 0.045 0.045 0.045 0.045 0.045 0.045 0.045 0.045 0.046 0.046 0.046 0.046 0.046 0.046 0.046 0.046 0.046 0.046 0.046 0.047 0.047 0.047 0.047 0.047 0.047 0.047 0.047 0.047 0.047 0.047 0.047 0.047 0.047 0.048 0.048 0.048 0.048 0.048 0.048 0.048 0.048 0.048 0.048 0.048 0.048 0.048 0.048 0.048 0.048 0.048 0.048 0.048 0.048 0.049 0.049 0.049 0.049 0.049 0.049 0.049 0.049 0.049 0.049 0.049 0.049 0.049 0.049 /Gy2
dv:Sc/CellGeneric_abR2/HCP/Beryllium/Beta 	= 250 0.001 0.001 0.001 0.001 0.001 0.001 0.001 0.001 0.001 0.001 0.001 0.001 0.001 0.001 0.001 0.001 0.001 0.001 0.001 0.001 0.000 0.000 0.002 0.000 0.000 0.001 0.000 0.000 0.001 0.000 0.000 0.000 0.000 0.000 0.000 0.000 0.001 0.000 0.000 0.000 0.000 0.000 0.000 0.000 0.000 0.000 0.000 0.000 0.000 0.000 0.000 0.000 0.000 0.000 0.000 0.000 0.000 0.000 0.000 0.000 0.000 0.000 0.000 0.000 0.001 0.001 0.001 0.001 0.001 0.001 0.001 0.002 0.002 0.002 0.002 0.003 0.003 0.004 0.004 0.005 0.005 0.006 0.006 0.007 0.008 0.008 0.009 0.009 0.010 0.011 0.011 0.012 0.012 0.013 0.014 0.014 0.015 0.015 0.016 0.016 0.017 0.018 0.018 0.019 0.019 0.020 0.020 0.021 0.021 0.022 0.022 0.023 0.023 0.024 0.024 0.025 0.025 0.025 0.026 0.026 0.027 0.027 0.028 0.028 0.028 0.029 0.029 0.029 0.030 0.030 0.031 0.031 0.031 0.032 0.032 0.032 0.033 0.033 0.033 0.033 0.034 0.034 0.034 0.035 0.035 0.035 0.035 0.036 0.036 0.036 0.036 0.037 0.037 0.037 0.037 0.037 0.038 0.038 0.038 0.038 0.039 0.039 0.039 0.039 0.039 0.039 0.040 0.040 0.040 0.040 0.040 0.041 0.041 0.041 0.041 0.041 0.041 0.041 0.042 0.042 0.042 0.042 0.042 0.042 0.043 0.043 0.043 0.043 0.043 0.043 0.043 0.043 0.044 0.044 0.044 0.044 0.044 0.044 0.044 0.044 0.044 0.045 0.045 0.045 0.045 0.045 0.045 0.045 0.045 0.045 0.045 0.045 0.046 0.046 0.046 0.046 0.046 0.046 0.046 0.046 0.046 0.046 0.046 0.046 0.046 0.047 0.047 0.047 0.047 0.047 0.047 0.047 0.047 0.047 0.047 0.047 0.047 0.047 0.047 0.047 0.047 0.047 0.047 0.048 0.048 0.048 0.048 0.048 0.048 0.048 /Gy2
dv:Sc/CellGeneric_abR2/HCP/Boron/Beta 	= 250 0.001 0.001 0.001 0.001 0.001 0.001 0.001 0.001 0.001 0.001 0.000 0.000 0.000 0.000 0.000 0.000 0.000 0.000 0.000 0.000 0.000 0.000 0.001 0.000 0.000 0.001 0.000 0.000 0.001 0.000 0.000 0.001 0.000 0.000 0.000 0.000 0.000 0.000 0.000 0.000 0.000 0.000 0.000 0.000 0.000 0.000 0.000 0.000 0.000 0.000 0.000 0.000 0.000 0.000 0.000 0.000 0.000 0.000 0.000 0.000 0.000 0.000 0.000 0.000 0.000 0.000 0.000 0.000 0.000 0.000 0.000 0.001 0.001 0.001 0.001 0.001 0.001 0.001 0.002 0.002 0.002 0.002 0.003 0.003 0.004 0.004 0.005 0.005 0.005 0.006 0.007 0.007 0.008 0.008 0.009 0.009 0.010 0.010 0.011 0.012 0.012 0.013 0.013 0.014 0.014 0.015 0.015 0.016 0.016 0.017 0.018 0.018 0.019 0.019 0.020 0.020 0.021 0.021 0.021 0.022 0.022 0.023 0.023 0.024 0.024 0.025 0.025 0.026 0.026 0.026 0.027 0.027 0.028 0.028 0.028 0.029 0.029 0.030 0.030 0.030 0.031 0.031 0.031 0.032 0.032 0.032 0.033 0.033 0.033 0.033 0.034 0.034 0.034 0.034 0.035 0.035 0.035 0.036 0.036 0.036 0.036 0.036 0.037 0.037 0.037 0.037 0.038 0.038 0.038 0.038 0.038 0.039 0.039 0.039 0.039 0.039 0.039 0.040 0.040 0.040 0.040 0.040 0.040 0.041 0.041 0.041 0.041 0.041 0.041 0.042 0.042 0.042 0.042 0.042 0.042 0.042 0.043 0.043 0.043 0.043 0.043 0.043 0.043 0.043 0.043 0.044 0.044 0.044 0.044 0.044 0.044 0.044 0.044 0.044 0.044 0.045 0.045 0.045 0.045 0.045 0.045 0.045 0.045 0.045 0.045 0.045 0.045 0.046 0.046 0.046 0.046 0.046 0.046 0.046 0.046 0.046 0.046 0.046 0.046 0.046 0.046 0.046 0.046 0.047 0.047 0.047 0.047 0.047 0.047 0.047 /Gy2
dv:Sc/CellGeneric_abR2/HCP/Carbon/Beta 	= 250 0.000 0.000 0.000 0.000 0.000 0.000 0.000 0.000 0.000 0.000 0.000 0.000 0.000 0.000 0.000 0.000 0.000 0.000 0.000 0.000 0.000 0.000 0.000 0.000 0.000 0.000 0.000 0.000 0.001 0.000 0.001 0.001 0.000 0.000 0.000 0.000 0.000 0.000 0.000 0.000 0.000 0.000 0.000 0.000 0.000 0.000 0.000 0.000 0.000 0.000 0.000 0.000 0.000 0.000 0.000 0.000 0.000 0.000 0.000 0.000 0.000 0.000 0.000 0.000 0.000 0.000 0.000 0.000 0.000 0.000 0.000 0.000 0.000 0.000 0.000 0.000 0.000 0.000 0.000 0.000 0.001 0.001 0.001 0.001 0.001 0.001 0.001 0.002 0.002 0.002 0.002 0.003 0.003 0.004 0.004 0.004 0.005 0.005 0.006 0.006 0.007 0.007 0.008 0.008 0.009 0.009 0.010 0.010 0.011 0.011 0.012 0.012 0.013 0.013 0.014 0.014 0.015 0.016 0.016 0.017 0.017 0.018 0.018 0.019 0.019 0.020 0.020 0.021 0.021 0.022 0.022 0.022 0.023 0.023 0.024 0.024 0.025 0.025 0.026 0.026 0.026 0.027 0.027 0.028 0.028 0.029 0.029 0.029 0.030 0.030 0.030 0.031 0.031 0.031 0.032 0.032 0.032 0.032 0.033 0.033 0.033 0.034 0.034 0.034 0.034 0.035 0.035 0.035 0.035 0.036 0.036 0.036 0.036 0.037 0.037 0.037 0.037 0.037 0.038 0.038 0.038 0.038 0.038 0.039 0.039 0.039 0.039 0.039 0.039 0.040 0.040 0.040 0.040 0.040 0.040 0.041 0.041 0.041 0.041 0.041 0.041 0.041 0.042 0.042 0.042 0.042 0.042 0.042 0.042 0.042 0.043 0.043 0.043 0.043 0.043 0.043 0.043 0.043 0.043 0.044 0.044 0.044 0.044 0.044 0.044 0.044 0.044 0.044 0.044 0.044 0.045 0.045 0.045 0.045 0.045 0.045 0.045 0.045 0.045 0.045 0.045 0.045 0.045 0.045 0.046 0.046 0.046 0.046 0.046 0.046 /Gy2
dv:Sc/CellGeneric_abR2/HCP/Nitrogen/Beta 	= 250 0.000 0.000 0.000 0.000 0.000 0.000 0.000 0.000 0.000 0.000 0.000 0.000 0.000 0.000 0.000 0.000 0.000 0.000 0.000 0.000 0.000 0.000 0.000 0.000 0.000 0.000 0.000 0.000 0.000 0.000 0.000 0.000 0.001 0.000 0.000 0.001 0.000 0.000 0.000 0.000 0.000 0.001 0.000 0.000 0.000 0.000 0.000 0.000 0.000 0.000 0.000 0.000 0.000 0.000 0.000 0.000 0.000 0.000 0.000 0.000 0.000 0.000 0.000 0.000 0.000 0.000 0.000 0.000 0.000 0.000 0.000 0.000 0.000 0.000 0.000 0.000 0.000 0.000 0.000 0.000 0.000 0.000 0.000 0.000 0.000 0.000 0.000 0.000 0.001 0.001 0.001 0.001 0.001 0.001 0.001 0.002 0.002 0.002 0.002 0.003 0.003 0.003 0.004 0.004 0.005 0.005 0.005 0.006 0.006 0.007 0.007 0.008 0.008 0.009 0.009 0.010 0.010 0.011 0.011 0.012 0.012 0.013 0.013 0.014 0.014 0.015 0.015 0.016 0.016 0.017 0.017 0.018 0.018 0.019 0.019 0.020 0.020 0.021 0.021 0.022 0.022 0.023 0.023 0.024 0.024 0.024 0.025 0.025 0.026 0.026 0.027 0.027 0.027 0.028 0.028 0.029 0.029 0.029 0.030 0.030 0.030 0.031 0.031 0.031 0.032 0.032 0.032 0.032 0.033 0.033 0.033 0.034 0.034 0.034 0.034 0.035 0.035 0.035 0.035 0.036 0.036 0.036 0.036 0.036 0.037 0.037 0.037 0.037 0.038 0.038 0.038 0.038 0.038 0.038 0.039 0.039 0.039 0.039 0.039 0.040 0.040 0.040 0.040 0.040 0.040 0.040 0.041 0.041 0.041 0.041 0.041 0.041 0.041 0.042 0.042 0.042 0.042 0.042 0.042 0.042 0.042 0.043 0.043 0.043 0.043 0.043 0.043 0.043 0.043 0.043 0.043 0.044 0.044 0.044 0.044 0.044 0.044 0.044 0.044 0.044 0.044 0.044 0.044 0.045 0.045 0.045 0.045 0.045 0.045 0.045 /Gy2
dv:Sc/CellGeneric_abR2/HCP/Oxygen/Beta 	= 250 0.000 0.000 0.000 0.000 0.000 0.000 0.000 0.000 0.000 0.000 0.000 0.000 0.000 0.000 0.000 0.000 0.000 0.000 0.000 0.000 0.000 0.000 0.000 0.000 0.000 0.000 0.000 0.000 0.000 0.000 0.000 0.000 0.000 0.000 0.000 0.000 0.001 0.000 0.000 0.001 0.000 0.000 0.000 0.000 0.000 0.000 0.000 0.000 0.000 0.000 0.000 0.000 0.000 0.000 0.000 0.000 0.000 0.000 0.000 0.000 0.000 0.000 0.000 0.000 0.000 0.000 0.000 0.000 0.000 0.000 0.000 0.000 0.000 0.000 0.000 0.000 0.000 0.000 0.000 0.000 0.000 0.000 0.000 0.000 0.000 0.000 0.000 0.000 0.000 0.000 0.000 0.000 0.000 0.000 0.000 0.001 0.001 0.001 0.001 0.001 0.001 0.002 0.002 0.002 0.002 0.003 0.003 0.003 0.003 0.004 0.004 0.005 0.005 0.005 0.006 0.006 0.007 0.007 0.007 0.008 0.008 0.009 0.009 0.010 0.010 0.011 0.011 0.012 0.012 0.013 0.013 0.014 0.014 0.015 0.015 0.016 0.016 0.016 0.017 0.018 0.018 0.018 0.019 0.019 0.020 0.020 0.021 0.021 0.022 0.022 0.023 0.023 0.024 0.024 0.025 0.025 0.026 0.026 0.026 0.027 0.027 0.028 0.028 0.028 0.029 0.029 0.029 0.030 0.030 0.030 0.031 0.031 0.031 0.032 0.032 0.032 0.033 0.033 0.033 0.033 0.034 0.034 0.034 0.034 0.035 0.035 0.035 0.035 0.036 0.036 0.036 0.036 0.037 0.037 0.037 0.037 0.037 0.038 0.038 0.038 0.038 0.038 0.038 0.039 0.039 0.039 0.039 0.039 0.039 0.040 0.040 0.040 0.040 0.040 0.040 0.041 0.041 0.041 0.041 0.041 0.041 0.041 0.041 0.042 0.042 0.042 0.042 0.042 0.042 0.042 0.042 0.042 0.043 0.043 0.043 0.043 0.043 0.043 0.043 0.043 0.043 0.043 0.044 0.044 0.044 0.044 0.044 0.044 0.044 0.044 /Gy2
