# LEM III RBE scorer

s:Sc/tabulatedAlpha/Quantity                   = "RBE_TabulatedAlphaBeta"
s:Sc/tabulatedAlpha/Component                  = "Patient"
s:Sc/tabulatedAlpha/OutputQuantity             = "alpha"
d:Sc/tabulatedAlpha/PrescribedDose             = Sc/PrescribedDose Gy
sv:Sc/tabulatedAlpha/CellLines                 = Sc/CellLines
s:Sc/tabulatedAlpha/OutputType                 = Sim/DoseScorerOutputType
s:Sc/tabulatedAlpha/OutputFile                 = Sim/ScoreLabel + "_alpha_LEM"
s:Sc/tabulatedAlpha/IfOutputFileAlreadyExists  = "Overwrite"
s:Sc/tabulatedAlpha/ModelName                  = "HCP"

s:Sc/tabulatedBeta/Quantity                   = "RBE_TabulatedAlphaBeta"
s:Sc/tabulatedBeta/Component                  = "Patient"
s:Sc/tabulatedBeta/OutputQuantity             = "beta"
d:Sc/tabulatedBeta/PrescribedDose             = Sc/PrescribedDose Gy
sv:Sc/tabulatedBeta/CellLines                 = Sc/CellLines
s:Sc/tabulatedBeta/OutputType                 = Sim/DoseScorerOutputType
s:Sc/tabulatedBeta/OutputFile                 = Sim/ScoreLabel + "_beta_LEM"
s:Sc/tabulatedBeta/IfOutputFileAlreadyExists  = "Overwrite"
s:Sc/tabulatedBeta/ModelName                  = "HCP"

#s:Sc/RBE/Quantity                   = "RBE_TabulatedAlphaBeta"
#s:Sc/RBE/Component                  = "Patient"
#s:Sc/RBE/OutputQuantity             = "rbe"
#d:Sc/RBE/PrescribedDose             = Sc/PrescribedDose Gy
#sv:Sc/RBE/CellLines                 = Sc/CellLines
#s:Sc/RBE/OutputType                 = Sim/DoseScorerOutputType
#s:Sc/RBE/OutputFile                 = Sim/ScoreLabel + "_RBE_LEM"
#s:Sc/RBE/IfOutputFileAlreadyExists  = "Overwrite"
#s:Sc/RBE/ModelName                  = "HCP"

### Survival generated table ###
sv:Sc/CellGeneric_abR2/HCP/ParticleName 		= 8 "Proton" "Helium" "Lithium" "Beryllium" "Boron" "Carbon" "Nitrogen" "Oxygen"
iv:Sc/CellGeneric_abR2/HCP/ParticleZ    		= 8 1 2 3 4 5 6 7 8
dv:Sc/CellGeneric_abR2/HCP/KineticEnergyPerNucleon 	= 250 0.100 0.104 0.107 0.111 0.115 0.119 0.123 0.128 0.132 0.137 0.142 0.147 0.152 0.157 0.163 0.168 0.174 0.180 0.187 0.193 0.200 0.207 0.215 0.222 0.230 0.238 0.247 0.255 0.264 0.274 0.283 0.293 0.304 0.314 0.326 0.337 0.349 0.361 0.374 0.387 0.401 0.415 0.430 0.445 0.461 0.477 0.494 0.511 0.529 0.548 0.567 0.587 0.608 0.630 0.652 0.675 0.699 0.723 0.749 0.776 0.803 0.831 0.861 0.891 0.923 0.955 0.989 1.024 1.060 1.097 1.136 1.176 1.218 1.261 1.305 1.352 1.399 1.449 1.500 1.553 1.608 1.665 1.723 1.784 1.847 1.913 1.980 2.050 2.122 2.197 2.275 2.355 2.439 2.525 2.614 2.706 2.802 2.901 3.003 3.110 3.219 3.333 3.451 3.573 3.699 3.830 3.965 4.105 4.250 4.400 4.556 4.717 4.883 5.056 5.234 5.419 5.611 5.809 6.014 6.227 6.447 6.674 6.910 7.154 7.407 7.669 7.939 8.220 8.510 8.811 9.122 9.445 9.778 10.124 10.481 10.852 11.235 11.632 12.043 12.468 12.909 13.365 13.837 14.326 14.832 15.356 15.898 16.460 17.041 17.643 18.267 18.912 19.580 20.272 20.988 21.729 22.497 23.292 24.114 24.966 25.848 26.761 27.707 28.686 29.699 30.748 31.835 32.959 34.124 35.329 36.577 37.869 39.207 40.592 42.026 43.511 45.048 46.639 48.287 49.993 51.759 53.588 55.481 57.441 59.470 61.571 63.746 65.998 68.330 70.743 73.243 75.830 78.509 81.282 84.154 87.127 90.205 93.392 96.691 100.107 103.643 107.305 111.095 115.020 119.084 123.290 127.646 132.155 136.824 141.658 146.662 151.843 157.208 162.761 168.511 174.464 180.628 187.009 193.615 200.455 207.537 214.868 222.459 230.318 238.455 246.879 255.600 264.630 273.979 283.657 293.678 304.053 314.795 325.916 337.429 349.350 361.691 374.469 387.698 401.394 415.575 430.256 445.456 461.192 477.485 494.353 511.818 529.899 548.619 568.000 MeV 

dv:Sc/CellGeneric_abR2/HCP/Proton/Alpha 	= 250 2.919 2.849 2.778 2.719 2.664 2.592 2.527 2.464 2.399 2.337 2.274 2.221 2.176 2.118 2.079 2.029 1.984 1.934 1.893 1.841 1.794 1.758 1.715 1.674 1.627 1.597 1.560 1.527 1.494 1.466 1.427 1.392 1.364 1.334 1.298 1.265 1.227 1.210 1.186 1.158 1.126 1.107 1.075 1.047 1.017 1.009 0.978 0.960 0.937 0.913 0.888 0.875 0.850 0.819 0.802 0.774 0.764 0.745 0.724 0.717 0.690 0.662 0.654 0.634 0.618 0.598 0.574 0.550 0.527 0.509 0.510 0.489 0.469 0.445 0.426 0.443 0.424 0.403 0.384 0.365 0.346 0.327 0.308 0.290 0.271 0.285 0.267 0.250 0.233 0.216 0.236 0.220 0.205 0.210 0.196 0.224 0.234 0.223 0.214 0.204 0.195 0.187 0.180 0.173 0.166 0.159 0.154 0.148 0.143 0.138 0.133 0.129 0.125 0.121 0.118 0.114 0.111 0.108 0.105 0.102 0.100 0.098 0.095 0.093 0.091 0.089 0.087 0.086 0.084 0.083 0.081 0.080 0.078 0.077 0.076 0.075 0.074 0.073 0.072 0.071 0.070 0.069 0.068 0.067 0.066 0.065 0.065 0.064 0.063 0.063 0.062 0.061 0.061 0.060 0.060 0.059 0.059 0.058 0.058 0.057 0.057 0.056 0.056 0.055 0.055 0.054 0.054 0.054 0.053 0.053 0.053 0.052 0.052 0.051 0.051 0.051 0.050 0.050 0.050 0.050 0.049 0.049 0.049 0.048 0.048 0.048 0.048 0.047 0.047 0.047 0.046 0.046 0.046 0.046 0.045 0.045 0.045 0.045 0.045 0.044 0.044 0.044 0.044 0.043 0.043 0.043 0.043 0.043 0.042 0.042 0.042 0.042 0.042 0.042 0.041 0.041 0.041 0.041 0.041 0.040 0.040 0.040 0.040 0.040 0.040 0.039 0.039 0.039 0.039 0.039 0.039 0.039 0.038 0.038 0.038 0.038 0.038 0.038 0.037 0.037 0.037 0.037 0.037 0.037 0.037 0.037 0.036 0.036 0.036 0.036 /Gy
dv:Sc/CellGeneric_abR2/HCP/Helium/Alpha 	= 250 6.564 6.635 6.707 6.773 6.829 6.902 6.973 6.965 7.002 7.015 7.033 7.045 7.027 7.049 6.989 6.986 6.944 6.891 6.821 6.748 6.669 6.664 6.452 6.379 6.249 6.162 6.097 5.994 5.878 5.754 5.654 5.539 5.418 5.340 5.272 5.062 5.030 4.916 4.794 4.661 4.519 4.392 4.304 4.144 4.033 3.929 3.887 3.776 3.650 3.549 3.452 3.355 3.303 3.169 3.119 3.032 2.953 2.859 2.797 2.722 2.628 2.560 2.495 2.431 2.361 2.300 2.241 2.186 2.132 2.076 2.033 1.984 1.939 1.892 1.848 1.798 1.750 1.715 1.676 1.645 1.600 1.561 1.523 1.488 1.459 1.425 1.394 1.363 1.338 1.311 1.271 1.243 1.212 1.186 1.163 1.140 1.115 1.093 1.061 1.035 1.015 0.998 0.974 0.954 0.927 0.902 0.884 0.865 0.848 0.831 0.812 0.788 0.770 0.752 0.732 0.711 0.695 0.688 0.669 0.651 0.628 0.608 0.592 0.575 0.555 0.535 0.533 0.520 0.502 0.484 0.467 0.450 0.441 0.422 0.410 0.394 0.377 0.373 0.355 0.338 0.334 0.318 0.302 0.300 0.284 0.269 0.254 0.239 0.224 0.209 0.210 0.196 0.207 0.194 0.181 0.168 0.174 0.220 0.210 0.201 0.193 0.185 0.177 0.170 0.163 0.157 0.151 0.146 0.140 0.136 0.131 0.127 0.123 0.119 0.115 0.112 0.109 0.106 0.103 0.100 0.098 0.095 0.093 0.091 0.089 0.087 0.085 0.083 0.081 0.080 0.078 0.077 0.076 0.074 0.073 0.072 0.071 0.070 0.069 0.068 0.067 0.066 0.065 0.064 0.063 0.063 0.062 0.061 0.061 0.060 0.059 0.059 0.058 0.058 0.057 0.056 0.056 0.055 0.055 0.055 0.054 0.054 0.053 0.053 0.052 0.052 0.052 0.051 0.051 0.051 0.050 0.050 0.050 0.049 0.049 0.049 0.048 0.048 0.048 0.047 0.047 0.047 0.047 0.046 0.046 0.046 0.046 0.045 0.045 0.045 /Gy
dv:Sc/CellGeneric_abR2/HCP/Lithium/Alpha 	= 250 3.106 3.107 3.109 3.113 3.120 3.129 3.139 3.152 3.167 3.184 3.202 3.225 3.249 3.275 3.304 3.336 3.370 3.407 3.446 3.488 3.533 3.580 3.630 3.682 3.738 3.796 3.856 3.919 3.982 4.051 4.122 4.186 4.258 4.334 4.401 4.467 4.540 4.605 4.672 4.734 4.810 4.848 4.896 4.934 4.964 5.012 5.027 5.049 5.060 5.085 5.057 5.054 5.043 5.014 5.002 4.998 4.860 4.819 4.765 4.729 4.621 4.550 4.490 4.436 4.360 4.282 4.184 4.111 4.067 3.953 3.917 3.817 3.736 3.646 3.557 3.432 3.379 3.257 3.172 3.103 3.028 2.935 2.854 2.787 2.731 2.639 2.577 2.511 2.447 2.371 2.314 2.251 2.190 2.144 2.097 2.043 1.986 1.934 1.887 1.839 1.794 1.755 1.721 1.681 1.646 1.602 1.564 1.528 1.494 1.460 1.426 1.393 1.364 1.335 1.304 1.278 1.247 1.222 1.197 1.172 1.145 1.117 1.095 1.073 1.051 1.025 1.002 0.977 0.959 0.938 0.911 0.894 0.873 0.852 0.835 0.816 0.797 0.780 0.758 0.739 0.726 0.713 0.692 0.677 0.657 0.637 0.628 0.612 0.595 0.582 0.567 0.547 0.534 0.515 0.506 0.488 0.476 0.458 0.454 0.439 0.425 0.408 0.391 0.383 0.368 0.354 0.339 0.337 0.322 0.315 0.301 0.286 0.272 0.267 0.253 0.240 0.231 0.218 0.214 0.201 0.189 0.187 0.174 0.173 0.162 0.162 0.168 0.207 0.198 0.190 0.182 0.175 0.168 0.162 0.156 0.150 0.145 0.140 0.135 0.131 0.127 0.123 0.119 0.116 0.112 0.109 0.106 0.103 0.101 0.098 0.096 0.094 0.092 0.090 0.088 0.086 0.084 0.082 0.081 0.079 0.078 0.077 0.075 0.074 0.073 0.072 0.071 0.070 0.069 0.068 0.067 0.066 0.065 0.064 0.064 0.063 0.062 0.062 0.061 0.060 0.060 0.059 0.059 0.058 0.057 0.057 0.056 0.056 0.056 0.055 /Gy
dv:Sc/CellGeneric_abR2/HCP/Beryllium/Alpha 	= 250 2.274 2.246 2.220 2.197 2.176 2.158 2.139 2.124 2.113 2.101 2.090 2.084 2.079 2.074 2.074 2.074 2.075 2.080 2.085 2.093 2.102 2.112 2.124 2.138 2.154 2.171 2.189 2.210 2.231 2.254 2.278 2.304 2.332 2.361 2.391 2.423 2.456 2.490 2.527 2.564 2.604 2.644 2.686 2.730 2.774 2.821 2.872 2.922 2.973 3.026 3.083 3.137 3.195 3.255 3.312 3.372 3.434 3.488 3.548 3.603 3.664 3.714 3.759 3.809 3.846 3.890 3.919 3.951 3.977 3.994 4.001 4.002 3.983 3.958 3.963 3.970 3.919 3.891 3.866 3.803 3.771 3.752 3.674 3.625 3.581 3.537 3.474 3.416 3.333 3.274 3.224 3.175 3.086 3.023 2.948 2.903 2.800 2.723 2.687 2.632 2.524 2.464 2.407 2.368 2.299 2.254 2.193 2.137 2.077 2.034 1.969 1.923 1.880 1.841 1.800 1.751 1.707 1.667 1.626 1.588 1.555 1.522 1.484 1.450 1.419 1.385 1.353 1.327 1.292 1.262 1.234 1.209 1.182 1.154 1.125 1.103 1.077 1.056 1.031 1.006 0.989 0.965 0.943 0.919 0.898 0.879 0.862 0.843 0.824 0.805 0.785 0.769 0.757 0.736 0.719 0.700 0.685 0.666 0.656 0.638 0.627 0.609 0.591 0.579 0.563 0.554 0.536 0.523 0.506 0.489 0.481 0.465 0.452 0.439 0.429 0.416 0.402 0.391 0.379 0.364 0.350 0.343 0.340 0.324 0.314 0.300 0.287 0.280 0.266 0.254 0.241 0.241 0.229 0.224 0.212 0.200 0.189 0.177 0.174 0.167 0.156 0.154 0.152 0.151 0.164 0.191 0.184 0.177 0.170 0.164 0.158 0.153 0.147 0.143 0.138 0.134 0.130 0.126 0.122 0.119 0.115 0.112 0.109 0.107 0.104 0.101 0.099 0.097 0.095 0.093 0.091 0.089 0.087 0.086 0.084 0.083 0.081 0.080 0.078 0.077 0.076 0.075 0.074 0.073 0.072 0.071 0.070 0.069 0.068 0.067 /Gy
dv:Sc/CellGeneric_abR2/HCP/Boron/Alpha 	= 250 1.812 1.789 1.769 1.748 1.728 1.712 1.696 1.680 1.668 1.656 1.644 1.635 1.627 1.620 1.615 1.610 1.607 1.605 1.604 1.604 1.605 1.608 1.611 1.616 1.621 1.629 1.636 1.644 1.653 1.664 1.674 1.686 1.699 1.713 1.727 1.743 1.759 1.776 1.794 1.813 1.832 1.853 1.874 1.897 1.921 1.945 1.970 1.998 2.025 2.054 2.084 2.115 2.148 2.182 2.218 2.255 2.293 2.333 2.374 2.417 2.461 2.506 2.554 2.601 2.651 2.702 2.753 2.805 2.857 2.910 2.962 3.008 3.059 3.102 3.136 3.168 3.194 3.226 3.259 3.287 3.320 3.344 3.365 3.380 3.398 3.408 3.384 3.418 3.361 3.360 3.324 3.305 3.262 3.229 3.209 3.148 3.103 3.067 3.031 3.002 2.905 2.880 2.819 2.759 2.718 2.630 2.608 2.534 2.475 2.436 2.370 2.314 2.250 2.190 2.154 2.093 2.055 2.005 1.961 1.904 1.867 1.807 1.768 1.728 1.695 1.654 1.622 1.579 1.540 1.504 1.469 1.440 1.408 1.377 1.342 1.314 1.282 1.253 1.228 1.201 1.170 1.145 1.122 1.094 1.070 1.047 1.023 1.002 0.983 0.963 0.943 0.924 0.900 0.886 0.864 0.843 0.825 0.810 0.791 0.774 0.755 0.739 0.721 0.708 0.692 0.673 0.658 0.643 0.630 0.617 0.600 0.587 0.572 0.559 0.549 0.535 0.520 0.507 0.490 0.474 0.466 0.455 0.446 0.429 0.417 0.403 0.391 0.383 0.369 0.360 0.351 0.338 0.330 0.318 0.307 0.295 0.287 0.275 0.263 0.255 0.253 0.242 0.233 0.222 0.211 0.200 0.195 0.185 0.174 0.164 0.166 0.162 0.153 0.144 0.141 0.142 0.147 0.185 0.178 0.172 0.166 0.160 0.155 0.150 0.146 0.141 0.137 0.133 0.129 0.126 0.123 0.119 0.116 0.114 0.111 0.108 0.106 0.104 0.101 0.099 0.097 0.095 0.094 0.092 0.090 0.089 0.087 0.086 0.084 0.083 /Gy
dv:Sc/CellGeneric_abR2/HCP/Carbon/Alpha 	= 250 1.645 1.616 1.588 1.562 1.538 1.514 1.491 1.470 1.451 1.431 1.413 1.398 1.382 1.367 1.355 1.343 1.333 1.324 1.315 1.308 1.302 1.297 1.293 1.290 1.288 1.286 1.286 1.287 1.289 1.292 1.294 1.299 1.303 1.309 1.315 1.322 1.330 1.338 1.347 1.357 1.368 1.379 1.391 1.404 1.417 1.431 1.446 1.461 1.477 1.493 1.511 1.529 1.548 1.568 1.588 1.610 1.632 1.655 1.680 1.705 1.731 1.758 1.787 1.816 1.846 1.877 1.910 1.944 1.980 2.015 2.053 2.090 2.131 2.173 2.213 2.256 2.302 2.340 2.379 2.420 2.454 2.487 2.523 2.567 2.607 2.656 2.696 2.741 2.780 2.820 2.852 2.880 2.911 2.938 2.958 2.966 2.978 2.988 2.998 3.007 2.972 2.979 2.954 2.939 2.917 2.886 2.846 2.830 2.787 2.748 2.708 2.706 2.638 2.609 2.556 2.512 2.459 2.410 2.372 2.307 2.269 2.232 2.185 2.119 2.080 2.025 1.989 1.925 1.895 1.855 1.809 1.769 1.719 1.681 1.643 1.605 1.571 1.535 1.503 1.471 1.437 1.403 1.370 1.341 1.308 1.282 1.249 1.225 1.197 1.168 1.149 1.122 1.096 1.076 1.056 1.034 1.012 0.990 0.971 0.949 0.930 0.912 0.891 0.872 0.853 0.835 0.815 0.799 0.780 0.765 0.749 0.732 0.715 0.703 0.686 0.672 0.654 0.640 0.626 0.611 0.600 0.586 0.571 0.556 0.545 0.532 0.520 0.506 0.495 0.481 0.467 0.458 0.446 0.432 0.423 0.408 0.395 0.386 0.376 0.365 0.357 0.344 0.335 0.324 0.313 0.308 0.296 0.288 0.276 0.269 0.261 0.250 0.239 0.233 0.227 0.216 0.206 0.196 0.191 0.190 0.181 0.174 0.165 0.156 0.153 0.144 0.136 0.139 0.136 0.134 0.182 0.176 0.170 0.165 0.160 0.155 0.151 0.147 0.143 0.139 0.135 0.132 0.128 0.125 0.122 0.120 0.117 0.114 0.112 0.110 /Gy
dv:Sc/CellGeneric_abR2/HCP/Nitrogen/Alpha 	= 250 1.525 1.496 1.468 1.441 1.416 1.392 1.367 1.345 1.324 1.303 1.282 1.264 1.247 1.229 1.214 1.199 1.185 1.172 1.160 1.149 1.139 1.130 1.122 1.115 1.108 1.102 1.097 1.093 1.091 1.088 1.085 1.084 1.084 1.083 1.084 1.085 1.087 1.089 1.092 1.096 1.100 1.105 1.110 1.116 1.122 1.129 1.136 1.144 1.152 1.161 1.170 1.179 1.189 1.200 1.211 1.223 1.235 1.248 1.262 1.276 1.291 1.307 1.323 1.340 1.358 1.377 1.396 1.416 1.437 1.459 1.482 1.505 1.529 1.555 1.580 1.608 1.637 1.665 1.696 1.728 1.760 1.793 1.828 1.852 1.878 1.905 1.934 1.965 2.002 2.042 2.084 2.128 2.171 2.214 2.255 2.298 2.339 2.378 2.416 2.454 2.489 2.518 2.548 2.572 2.596 2.614 2.631 2.641 2.645 2.665 2.661 2.644 2.647 2.636 2.629 2.607 2.587 2.561 2.531 2.521 2.472 2.456 2.419 2.404 2.365 2.316 2.273 2.228 2.201 2.158 2.096 2.081 2.036 1.983 1.936 1.901 1.862 1.817 1.779 1.744 1.699 1.667 1.619 1.588 1.552 1.517 1.485 1.450 1.421 1.390 1.357 1.329 1.302 1.271 1.243 1.216 1.191 1.168 1.144 1.119 1.097 1.076 1.053 1.033 1.012 0.992 0.969 0.948 0.931 0.911 0.892 0.874 0.857 0.838 0.818 0.799 0.784 0.767 0.752 0.734 0.721 0.706 0.690 0.675 0.662 0.645 0.629 0.616 0.604 0.591 0.579 0.565 0.552 0.539 0.526 0.516 0.503 0.490 0.476 0.466 0.454 0.445 0.432 0.422 0.408 0.397 0.385 0.379 0.370 0.359 0.349 0.337 0.325 0.317 0.309 0.302 0.295 0.284 0.276 0.266 0.255 0.251 0.241 0.233 0.227 0.217 0.212 0.206 0.197 0.188 0.183 0.175 0.170 0.162 0.154 0.151 0.143 0.144 0.139 0.132 0.130 0.123 0.130 0.175 0.170 0.165 0.160 0.156 0.152 0.148 /Gy
dv:Sc/CellGeneric_abR2/HCP/Oxygen/Alpha 	= 250 1.500 1.464 1.429 1.396 1.364 1.333 1.303 1.275 1.248 1.221 1.196 1.173 1.150 1.128 1.108 1.089 1.071 1.054 1.037 1.023 1.009 0.996 0.985 0.974 0.964 0.955 0.947 0.941 0.935 0.929 0.924 0.921 0.917 0.915 0.914 0.913 0.912 0.913 0.913 0.915 0.917 0.919 0.922 0.926 0.931 0.935 0.940 0.946 0.952 0.958 0.965 0.972 0.980 0.988 0.996 1.005 1.014 1.024 1.034 1.044 1.055 1.067 1.079 1.091 1.104 1.118 1.131 1.145 1.160 1.175 1.192 1.208 1.225 1.243 1.261 1.280 1.300 1.320 1.340 1.363 1.385 1.408 1.432 1.456 1.481 1.506 1.530 1.554 1.571 1.590 1.612 1.636 1.666 1.698 1.730 1.765 1.802 1.837 1.873 1.911 1.947 1.983 2.021 2.058 2.097 2.127 2.161 2.194 2.225 2.258 2.280 2.307 2.330 2.351 2.368 2.382 2.394 2.402 2.420 2.412 2.408 2.399 2.413 2.400 2.386 2.370 2.353 2.327 2.316 2.291 2.262 2.216 2.222 2.185 2.145 2.102 2.068 2.033 2.003 1.958 1.934 1.891 1.853 1.810 1.786 1.730 1.702 1.671 1.631 1.601 1.559 1.525 1.493 1.461 1.428 1.399 1.368 1.341 1.315 1.288 1.260 1.233 1.208 1.182 1.161 1.133 1.113 1.088 1.065 1.047 1.024 1.002 0.982 0.963 0.944 0.925 0.905 0.887 0.869 0.852 0.835 0.818 0.799 0.782 0.766 0.750 0.734 0.718 0.703 0.689 0.675 0.661 0.648 0.633 0.618 0.602 0.592 0.579 0.567 0.554 0.545 0.531 0.519 0.507 0.497 0.485 0.471 0.462 0.451 0.437 0.428 0.417 0.407 0.396 0.387 0.375 0.369 0.357 0.347 0.337 0.330 0.321 0.311 0.304 0.297 0.285 0.276 0.268 0.261 0.254 0.250 0.241 0.234 0.225 0.217 0.208 0.200 0.197 0.191 0.183 0.178 0.174 0.167 0.163 0.156 0.149 0.146 0.140 0.137 0.131 /Gy

dv:Sc/CellGeneric_abR2/HCP/Proton/Beta 	= 250 0.002 0.003 0.004 0.005 0.006 0.007 0.009 0.010 0.011 0.012 0.013 0.014 0.015 0.016 0.016 0.017 0.018 0.019 0.019 0.020 0.021 0.022 0.023 0.023 0.024 0.025 0.025 0.026 0.026 0.027 0.027 0.028 0.029 0.029 0.030 0.030 0.031 0.031 0.032 0.032 0.033 0.033 0.034 0.034 0.035 0.035 0.035 0.035 0.036 0.036 0.037 0.037 0.037 0.038 0.038 0.039 0.039 0.039 0.039 0.040 0.040 0.041 0.041 0.041 0.041 0.042 0.042 0.042 0.043 0.043 0.043 0.043 0.044 0.044 0.045 0.044 0.045 0.045 0.045 0.046 0.046 0.046 0.047 0.047 0.047 0.047 0.047 0.047 0.048 0.048 0.048 0.048 0.048 0.048 0.048 0.048 0.048 0.048 0.048 0.048 0.048 0.049 0.049 0.049 0.049 0.049 0.049 0.049 0.049 0.049 0.049 0.050 0.050 0.050 0.050 0.050 0.050 0.050 0.050 0.050 0.050 0.050 0.050 0.050 0.050 0.050 0.050 0.050 0.050 0.050 0.050 0.050 0.050 0.050 0.050 0.050 0.050 0.050 0.050 0.050 0.051 0.051 0.051 0.051 0.051 0.051 0.051 0.051 0.051 0.051 0.051 0.051 0.051 0.051 0.051 0.051 0.051 0.051 0.051 0.051 0.051 0.051 0.051 0.051 0.051 0.051 0.051 0.051 0.051 0.051 0.051 0.051 0.051 0.051 0.051 0.051 0.051 0.051 0.051 0.051 0.051 0.051 0.051 0.051 0.051 0.051 0.051 0.051 0.051 0.051 0.051 0.051 0.051 0.051 0.051 0.051 0.051 0.051 0.051 0.051 0.051 0.051 0.051 0.051 0.051 0.051 0.051 0.051 0.051 0.051 0.051 0.051 0.051 0.051 0.051 0.051 0.051 0.051 0.051 0.051 0.051 0.051 0.051 0.051 0.051 0.051 0.051 0.051 0.051 0.051 0.051 0.051 0.051 0.051 0.051 0.051 0.051 0.051 0.051 0.051 0.051 0.051 0.051 0.051 0.051 0.051 0.051 0.051 0.051 0.051 /Gy2
dv:Sc/CellGeneric_abR2/HCP/Helium/Beta 	= 250 0.000 0.000 0.000 0.000 0.000 0.000 0.000 0.000 0.000 0.000 0.000 0.000 0.000 0.000 0.000 0.000 0.000 0.000 0.000 0.000 0.000 0.000 0.000 0.000 0.000 0.000 0.000 0.000 0.000 0.000 0.000 0.000 0.000 0.000 0.000 0.000 0.000 0.000 0.000 0.000 0.000 0.000 0.000 0.000 0.000 0.000 0.000 0.000 0.000 0.000 0.000 0.000 0.000 0.000 0.000 0.000 0.000 0.001 0.002 0.003 0.005 0.006 0.007 0.009 0.010 0.011 0.012 0.013 0.014 0.015 0.016 0.017 0.018 0.018 0.019 0.020 0.021 0.022 0.022 0.023 0.024 0.024 0.025 0.026 0.026 0.027 0.027 0.028 0.028 0.029 0.030 0.030 0.031 0.031 0.032 0.032 0.032 0.033 0.033 0.034 0.034 0.035 0.035 0.035 0.036 0.036 0.037 0.037 0.037 0.037 0.038 0.038 0.039 0.039 0.039 0.040 0.040 0.040 0.040 0.041 0.041 0.041 0.042 0.042 0.042 0.043 0.043 0.043 0.043 0.043 0.044 0.044 0.044 0.045 0.045 0.045 0.045 0.045 0.046 0.046 0.046 0.046 0.047 0.047 0.047 0.047 0.047 0.048 0.048 0.048 0.048 0.048 0.048 0.048 0.049 0.049 0.049 0.048 0.048 0.048 0.048 0.049 0.049 0.049 0.049 0.049 0.049 0.049 0.049 0.049 0.049 0.050 0.050 0.050 0.050 0.050 0.050 0.050 0.050 0.050 0.050 0.050 0.050 0.050 0.050 0.050 0.050 0.050 0.050 0.050 0.050 0.050 0.050 0.050 0.050 0.050 0.050 0.051 0.051 0.051 0.051 0.051 0.051 0.051 0.051 0.051 0.051 0.051 0.051 0.051 0.051 0.051 0.051 0.051 0.051 0.051 0.051 0.051 0.051 0.051 0.051 0.051 0.051 0.051 0.051 0.051 0.051 0.051 0.051 0.051 0.051 0.051 0.051 0.051 0.051 0.051 0.051 0.051 0.051 0.051 0.051 0.051 0.051 0.051 0.051 0.051 0.051 0.051 0.051 0.051 /Gy2
dv:Sc/CellGeneric_abR2/HCP/Lithium/Beta 	= 250 0.000 0.000 0.000 0.000 0.000 0.000 0.000 0.000 0.000 0.000 0.000 0.000 0.000 0.000 0.000 0.000 0.000 0.000 0.000 0.000 0.000 0.000 0.000 0.000 0.000 0.000 0.000 0.000 0.000 0.000 0.000 0.000 0.000 0.000 0.000 0.000 0.000 0.000 0.000 0.000 0.000 0.000 0.000 0.000 0.000 0.000 0.000 0.000 0.000 0.000 0.000 0.000 0.000 0.000 0.000 0.000 0.000 0.000 0.000 0.000 0.000 0.000 0.000 0.000 0.000 0.000 0.000 0.000 0.000 0.000 0.000 0.000 0.000 0.000 0.000 0.000 0.000 0.000 0.000 0.000 0.000 0.000 0.000 0.000 0.001 0.003 0.004 0.005 0.006 0.008 0.009 0.010 0.011 0.012 0.013 0.014 0.015 0.016 0.017 0.018 0.019 0.020 0.020 0.021 0.022 0.023 0.023 0.024 0.025 0.025 0.026 0.027 0.027 0.028 0.028 0.029 0.029 0.030 0.030 0.031 0.031 0.032 0.032 0.033 0.033 0.034 0.034 0.035 0.035 0.035 0.036 0.036 0.036 0.037 0.037 0.037 0.038 0.038 0.039 0.039 0.039 0.039 0.040 0.040 0.040 0.041 0.041 0.041 0.041 0.042 0.042 0.042 0.043 0.043 0.043 0.043 0.044 0.044 0.044 0.044 0.044 0.045 0.045 0.045 0.045 0.046 0.046 0.046 0.046 0.046 0.047 0.047 0.047 0.047 0.047 0.048 0.048 0.048 0.048 0.048 0.048 0.049 0.049 0.049 0.049 0.049 0.049 0.048 0.048 0.048 0.049 0.049 0.049 0.049 0.049 0.049 0.049 0.049 0.049 0.049 0.050 0.050 0.050 0.050 0.050 0.050 0.050 0.050 0.050 0.050 0.050 0.050 0.050 0.050 0.050 0.050 0.050 0.050 0.050 0.050 0.050 0.050 0.050 0.050 0.050 0.050 0.050 0.050 0.051 0.051 0.051 0.051 0.051 0.051 0.051 0.051 0.051 0.051 0.051 0.051 0.051 0.051 0.051 0.051 0.051 0.051 0.051 0.051 0.051 0.051 /Gy2
dv:Sc/CellGeneric_abR2/HCP/Beryllium/Beta 	= 250 0.000 0.000 0.000 0.000 0.000 0.000 0.000 0.000 0.000 0.000 0.000 0.000 0.000 0.000 0.000 0.000 0.000 0.000 0.000 0.000 0.000 0.000 0.000 0.000 0.000 0.000 0.000 0.000 0.000 0.000 0.000 0.000 0.000 0.000 0.000 0.000 0.000 0.000 0.000 0.000 0.000 0.000 0.000 0.000 0.000 0.000 0.000 0.000 0.000 0.000 0.000 0.000 0.000 0.000 0.000 0.000 0.000 0.000 0.000 0.000 0.000 0.000 0.000 0.000 0.000 0.000 0.000 0.000 0.000 0.000 0.000 0.000 0.000 0.000 0.000 0.000 0.000 0.000 0.000 0.000 0.000 0.000 0.000 0.000 0.000 0.000 0.000 0.000 0.000 0.000 0.000 0.000 0.000 0.000 0.000 0.000 0.000 0.000 0.000 0.001 0.003 0.004 0.005 0.006 0.007 0.008 0.009 0.010 0.012 0.013 0.014 0.015 0.016 0.017 0.017 0.018 0.019 0.020 0.021 0.022 0.022 0.023 0.024 0.025 0.025 0.026 0.027 0.027 0.028 0.028 0.029 0.030 0.030 0.031 0.031 0.032 0.032 0.033 0.033 0.034 0.034 0.034 0.035 0.035 0.036 0.036 0.036 0.037 0.037 0.037 0.038 0.038 0.038 0.039 0.039 0.039 0.040 0.040 0.040 0.041 0.041 0.041 0.041 0.042 0.042 0.042 0.042 0.043 0.043 0.043 0.043 0.044 0.044 0.044 0.044 0.045 0.045 0.045 0.045 0.045 0.046 0.046 0.046 0.046 0.046 0.047 0.047 0.047 0.047 0.047 0.048 0.048 0.048 0.048 0.048 0.048 0.048 0.049 0.049 0.049 0.049 0.049 0.049 0.049 0.049 0.048 0.049 0.049 0.049 0.049 0.049 0.049 0.049 0.049 0.049 0.049 0.049 0.050 0.050 0.050 0.050 0.050 0.050 0.050 0.050 0.050 0.050 0.050 0.050 0.050 0.050 0.050 0.050 0.050 0.050 0.050 0.050 0.050 0.050 0.050 0.050 0.050 0.050 0.050 0.050 0.050 0.050 0.051 0.051 0.051 /Gy2
dv:Sc/CellGeneric_abR2/HCP/Boron/Beta 	= 250 0.000 0.000 0.000 0.000 0.000 0.000 0.000 0.000 0.000 0.000 0.000 0.000 0.000 0.000 0.000 0.000 0.000 0.000 0.000 0.000 0.000 0.000 0.000 0.000 0.000 0.000 0.000 0.000 0.000 0.000 0.000 0.000 0.000 0.000 0.000 0.000 0.000 0.000 0.000 0.000 0.000 0.000 0.000 0.000 0.000 0.000 0.000 0.000 0.000 0.000 0.000 0.000 0.000 0.000 0.000 0.000 0.000 0.000 0.000 0.000 0.000 0.000 0.000 0.000 0.000 0.000 0.000 0.000 0.000 0.000 0.000 0.000 0.000 0.000 0.000 0.000 0.000 0.000 0.000 0.000 0.000 0.000 0.000 0.000 0.000 0.000 0.000 0.000 0.000 0.000 0.000 0.000 0.000 0.000 0.000 0.000 0.000 0.000 0.000 0.000 0.000 0.000 0.000 0.000 0.000 0.000 0.000 0.000 0.001 0.002 0.003 0.005 0.006 0.007 0.008 0.009 0.010 0.011 0.012 0.014 0.014 0.016 0.017 0.017 0.018 0.019 0.020 0.021 0.022 0.022 0.023 0.024 0.025 0.025 0.026 0.027 0.027 0.028 0.028 0.029 0.030 0.030 0.031 0.031 0.032 0.032 0.033 0.033 0.034 0.034 0.034 0.035 0.035 0.036 0.036 0.036 0.037 0.037 0.037 0.038 0.038 0.038 0.039 0.039 0.039 0.040 0.040 0.040 0.040 0.041 0.041 0.041 0.042 0.042 0.042 0.042 0.043 0.043 0.043 0.043 0.044 0.044 0.044 0.044 0.044 0.045 0.045 0.045 0.045 0.045 0.046 0.046 0.046 0.046 0.046 0.047 0.047 0.047 0.047 0.047 0.047 0.048 0.048 0.048 0.048 0.048 0.048 0.049 0.049 0.049 0.049 0.049 0.049 0.049 0.049 0.049 0.049 0.049 0.049 0.049 0.049 0.049 0.049 0.049 0.049 0.049 0.049 0.049 0.049 0.050 0.050 0.050 0.050 0.050 0.050 0.050 0.050 0.050 0.050 0.050 0.050 0.050 0.050 0.050 0.050 0.050 0.050 0.050 0.050 0.050 /Gy2
dv:Sc/CellGeneric_abR2/HCP/Carbon/Beta 	= 250 0.000 0.000 0.000 0.000 0.000 0.000 0.000 0.000 0.000 0.000 0.000 0.000 0.000 0.000 0.000 0.000 0.000 0.000 0.000 0.000 0.000 0.000 0.000 0.000 0.000 0.000 0.000 0.000 0.000 0.000 0.000 0.000 0.000 0.000 0.000 0.000 0.000 0.000 0.000 0.000 0.000 0.000 0.000 0.000 0.000 0.000 0.000 0.000 0.000 0.000 0.000 0.000 0.000 0.000 0.000 0.000 0.000 0.000 0.000 0.000 0.000 0.000 0.000 0.000 0.000 0.000 0.000 0.000 0.000 0.000 0.000 0.000 0.000 0.000 0.000 0.000 0.000 0.000 0.000 0.000 0.000 0.000 0.000 0.000 0.000 0.000 0.000 0.000 0.000 0.000 0.000 0.000 0.000 0.000 0.000 0.000 0.000 0.000 0.000 0.000 0.000 0.000 0.000 0.000 0.000 0.000 0.000 0.000 0.000 0.000 0.000 0.000 0.000 0.000 0.000 0.000 0.000 0.000 0.001 0.002 0.003 0.004 0.005 0.007 0.008 0.009 0.010 0.011 0.012 0.013 0.014 0.015 0.016 0.017 0.018 0.019 0.020 0.021 0.021 0.022 0.023 0.024 0.024 0.025 0.026 0.027 0.027 0.028 0.028 0.029 0.030 0.030 0.031 0.031 0.032 0.032 0.032 0.033 0.033 0.034 0.034 0.035 0.035 0.035 0.036 0.036 0.037 0.037 0.037 0.038 0.038 0.038 0.039 0.039 0.039 0.039 0.040 0.040 0.040 0.041 0.041 0.041 0.041 0.042 0.042 0.042 0.042 0.043 0.043 0.043 0.043 0.044 0.044 0.044 0.044 0.045 0.045 0.045 0.045 0.045 0.045 0.046 0.046 0.046 0.046 0.046 0.047 0.047 0.047 0.047 0.047 0.047 0.048 0.048 0.048 0.048 0.048 0.048 0.048 0.048 0.049 0.049 0.049 0.049 0.049 0.049 0.049 0.049 0.049 0.049 0.049 0.049 0.049 0.049 0.049 0.049 0.049 0.049 0.049 0.049 0.049 0.049 0.049 0.050 0.050 0.050 0.050 0.050 0.050 0.050 /Gy2
dv:Sc/CellGeneric_abR2/HCP/Nitrogen/Beta 	= 250 0.000 0.000 0.000 0.000 0.000 0.000 0.000 0.000 0.000 0.000 0.000 0.000 0.000 0.000 0.000 0.000 0.000 0.000 0.000 0.000 0.000 0.000 0.000 0.000 0.000 0.000 0.000 0.000 0.000 0.000 0.000 0.000 0.000 0.000 0.000 0.000 0.000 0.000 0.000 0.000 0.000 0.000 0.000 0.000 0.000 0.000 0.000 0.000 0.000 0.000 0.000 0.000 0.000 0.000 0.000 0.000 0.000 0.000 0.000 0.000 0.000 0.000 0.000 0.000 0.000 0.000 0.000 0.000 0.000 0.000 0.000 0.000 0.000 0.000 0.000 0.000 0.000 0.000 0.000 0.000 0.000 0.000 0.000 0.000 0.000 0.000 0.000 0.000 0.000 0.000 0.000 0.000 0.000 0.000 0.000 0.000 0.000 0.000 0.000 0.000 0.000 0.000 0.000 0.000 0.000 0.000 0.000 0.000 0.000 0.000 0.000 0.000 0.000 0.000 0.000 0.000 0.000 0.000 0.000 0.000 0.000 0.000 0.000 0.000 0.000 0.000 0.000 0.001 0.002 0.003 0.005 0.005 0.006 0.008 0.009 0.010 0.011 0.012 0.013 0.014 0.015 0.016 0.017 0.018 0.019 0.020 0.020 0.021 0.022 0.023 0.024 0.024 0.025 0.026 0.027 0.027 0.028 0.028 0.029 0.029 0.030 0.030 0.031 0.031 0.032 0.032 0.033 0.033 0.034 0.034 0.035 0.035 0.035 0.036 0.036 0.037 0.037 0.037 0.038 0.038 0.038 0.039 0.039 0.039 0.039 0.040 0.040 0.040 0.041 0.041 0.041 0.041 0.042 0.042 0.042 0.042 0.043 0.043 0.043 0.043 0.044 0.044 0.044 0.044 0.044 0.045 0.045 0.045 0.045 0.045 0.046 0.046 0.046 0.046 0.046 0.046 0.047 0.047 0.047 0.047 0.047 0.047 0.047 0.048 0.048 0.048 0.048 0.048 0.048 0.048 0.048 0.049 0.049 0.049 0.049 0.049 0.049 0.049 0.049 0.049 0.049 0.050 0.049 0.049 0.049 0.049 0.049 0.049 0.049 0.049 /Gy2
dv:Sc/CellGeneric_abR2/HCP/Oxygen/Beta 	= 250 0.000 0.000 0.000 0.000 0.000 0.000 0.000 0.000 0.000 0.000 0.000 0.000 0.000 0.000 0.000 0.000 0.000 0.000 0.000 0.000 0.000 0.000 0.000 0.000 0.000 0.000 0.000 0.000 0.000 0.000 0.000 0.000 0.000 0.000 0.000 0.000 0.000 0.000 0.000 0.000 0.000 0.000 0.000 0.000 0.000 0.000 0.000 0.000 0.000 0.000 0.000 0.000 0.000 0.000 0.000 0.000 0.000 0.000 0.000 0.000 0.000 0.000 0.000 0.000 0.000 0.000 0.000 0.000 0.000 0.000 0.000 0.000 0.000 0.000 0.000 0.000 0.000 0.000 0.000 0.000 0.000 0.000 0.000 0.000 0.000 0.000 0.000 0.000 0.000 0.000 0.000 0.000 0.000 0.000 0.000 0.000 0.000 0.000 0.000 0.000 0.000 0.000 0.000 0.000 0.000 0.000 0.000 0.000 0.000 0.000 0.000 0.000 0.000 0.000 0.000 0.000 0.000 0.000 0.000 0.000 0.000 0.000 0.000 0.000 0.000 0.000 0.000 0.000 0.000 0.000 0.000 0.000 0.000 0.000 0.001 0.002 0.003 0.004 0.005 0.006 0.007 0.008 0.009 0.010 0.011 0.012 0.013 0.014 0.015 0.016 0.017 0.018 0.019 0.020 0.021 0.021 0.022 0.023 0.024 0.024 0.025 0.026 0.026 0.027 0.028 0.028 0.029 0.029 0.030 0.030 0.031 0.032 0.032 0.032 0.033 0.033 0.034 0.034 0.035 0.035 0.035 0.036 0.036 0.037 0.037 0.037 0.038 0.038 0.038 0.039 0.039 0.039 0.040 0.040 0.040 0.040 0.041 0.041 0.041 0.041 0.042 0.042 0.042 0.042 0.043 0.043 0.043 0.043 0.044 0.044 0.044 0.044 0.044 0.045 0.045 0.045 0.045 0.045 0.045 0.046 0.046 0.046 0.046 0.046 0.046 0.047 0.047 0.047 0.047 0.047 0.047 0.047 0.048 0.048 0.048 0.048 0.048 0.048 0.048 0.048 0.049 0.049 0.049 0.049 0.049 0.049 0.049 0.049 0.049 0.049 /Gy2
