# MKM RBE scorer

s:Sc/tabulatedAlpha/Quantity                   = "RBE_TabulatedAlphaBeta"
s:Sc/tabulatedAlpha/Component                  = "Patient"
s:Sc/tabulatedAlpha/OutputQuantity             = "alpha"
d:Sc/tabulatedAlpha/PrescribedDose             = Sc/PrescribedDose Gy
sv:Sc/tabulatedAlpha/CellLines                 = Sc/CellLines
s:Sc/tabulatedAlpha/OutputType                 = Sim/DoseScorerOutputType
s:Sc/tabulatedAlpha/OutputFile                 = Sim/ScoreLabel + "_alpha_MKM"
s:Sc/tabulatedAlpha/IfOutputFileAlreadyExists  = "Overwrite"
s:Sc/tabulatedAlpha/ModelName                  = "HCP"

s:Sc/tabulatedBeta/Quantity                   = "RBE_TabulatedAlphaBeta"
s:Sc/tabulatedBeta/Component                  = "Patient"
s:Sc/tabulatedBeta/OutputQuantity             = "beta"
d:Sc/tabulatedBeta/PrescribedDose             = Sc/PrescribedDose Gy
sv:Sc/tabulatedBeta/CellLines                 = Sc/CellLines
s:Sc/tabulatedBeta/OutputType                 = Sim/DoseScorerOutputType
s:Sc/tabulatedBeta/OutputFile                 = Sim/ScoreLabel + "_beta_MKM"
s:Sc/tabulatedBeta/IfOutputFileAlreadyExists  = "Overwrite"
s:Sc/tabulatedBeta/ModelName                  = "HCP"

#s:Sc/RBE/Quantity                   = "RBE_TabulatedAlphaBeta"
#s:Sc/RBE/Component                  = "Patient"
#s:Sc/RBE/OutputQuantity             = "rbe"
#d:Sc/RBE/PrescribedDose             = Sc/PrescribedDose Gy
#sv:Sc/RBE/CellLines                 = Sc/CellLines
#s:Sc/RBE/OutputType                 = Sim/DoseScorerOutputType
#s:Sc/RBE/OutputFile                 = Sim/ScoreLabel + "_RBE_MKM"
#s:Sc/RBE/IfOutputFileAlreadyExists  = "Overwrite"
#s:Sc/RBE/ModelName                  = "HCP"

### Survival generated table ###
sv:Sc/CellGeneric_abR2/HCP/ParticleName 		= 8 "Proton" "Helium" "Lithium" "Beryllium" "Boron" "Carbon" "Nitrogen" "Oxygen"
iv:Sc/CellGeneric_abR2/HCP/ParticleZ    		= 8 1 2 3 4 5 6 7 8
dv:Sc/CellGeneric_abR2/HCP/KineticEnergyPerNucleon 	= 250 0.100 0.104 0.107 0.111 0.115 0.119 0.123 0.128 0.132 0.137 0.142 0.147 0.152 0.157 0.163 0.168 0.174 0.180 0.187 0.193 0.200 0.207 0.215 0.222 0.230 0.238 0.247 0.255 0.264 0.274 0.283 0.293 0.304 0.314 0.326 0.337 0.349 0.361 0.374 0.387 0.401 0.415 0.430 0.445 0.461 0.477 0.494 0.511 0.529 0.548 0.567 0.587 0.608 0.630 0.652 0.675 0.699 0.723 0.749 0.776 0.803 0.831 0.861 0.891 0.923 0.955 0.989 1.024 1.060 1.097 1.136 1.176 1.218 1.261 1.305 1.352 1.399 1.449 1.500 1.553 1.608 1.665 1.723 1.784 1.847 1.913 1.980 2.050 2.122 2.197 2.275 2.355 2.439 2.525 2.614 2.706 2.802 2.901 3.003 3.110 3.219 3.333 3.451 3.573 3.699 3.830 3.965 4.105 4.250 4.400 4.556 4.717 4.883 5.056 5.234 5.419 5.611 5.809 6.014 6.227 6.447 6.674 6.910 7.154 7.407 7.669 7.939 8.220 8.510 8.811 9.122 9.445 9.778 10.124 10.481 10.852 11.235 11.632 12.043 12.468 12.909 13.365 13.837 14.326 14.832 15.356 15.898 16.460 17.041 17.643 18.267 18.912 19.580 20.272 20.988 21.729 22.497 23.292 24.114 24.966 25.848 26.761 27.707 28.686 29.699 30.748 31.835 32.959 34.124 35.329 36.577 37.869 39.207 40.592 42.026 43.511 45.048 46.639 48.287 49.993 51.759 53.588 55.481 57.441 59.470 61.571 63.746 65.998 68.330 70.743 73.243 75.830 78.509 81.282 84.154 87.127 90.205 93.392 96.691 100.107 103.643 107.305 111.095 115.020 119.084 123.290 127.646 132.155 136.824 141.658 146.662 151.843 157.208 162.761 168.511 174.464 180.628 187.009 193.615 200.455 207.537 214.868 222.459 230.318 238.455 246.879 255.600 264.630 273.979 283.657 293.678 304.053 314.795 325.916 337.429 349.350 361.691 374.469 387.698 401.394 415.575 430.256 445.456 461.192 477.485 494.353 511.818 529.899 548.619 568.000 MeV 

dv:Sc/CellGeneric_abR2/HCP/Proton/Alpha 	= 250 0.421 0.414 0.406 0.399 0.391 0.384 0.377 0.369 0.362 0.355 0.348 0.341 0.334 0.327 0.321 0.315 0.308 0.302 0.296 0.290 0.284 0.279 0.273 0.267 0.262 0.257 0.252 0.247 0.243 0.238 0.233 0.229 0.225 0.220 0.217 0.213 0.209 0.205 0.202 0.199 0.195 0.192 0.189 0.186 0.184 0.181 0.178 0.176 0.173 0.171 0.168 0.166 0.164 0.162 0.160 0.158 0.156 0.154 0.153 0.151 0.149 0.148 0.146 0.145 0.143 0.142 0.140 0.139 0.138 0.137 0.135 0.134 0.133 0.132 0.131 0.130 0.129 0.128 0.127 0.126 0.126 0.125 0.124 0.123 0.123 0.122 0.121 0.120 0.120 0.119 0.119 0.118 0.117 0.117 0.116 0.116 0.115 0.115 0.114 0.114 0.114 0.113 0.113 0.112 0.112 0.112 0.111 0.111 0.111 0.110 0.110 0.110 0.109 0.109 0.109 0.109 0.108 0.108 0.108 0.108 0.107 0.107 0.107 0.107 0.107 0.106 0.106 0.106 0.106 0.106 0.106 0.105 0.105 0.105 0.105 0.105 0.105 0.105 0.105 0.104 0.104 0.104 0.104 0.104 0.104 0.104 0.104 0.104 0.104 0.103 0.103 0.103 0.103 0.103 0.103 0.103 0.103 0.103 0.103 0.103 0.103 0.103 0.103 0.103 0.103 0.103 0.102 0.102 0.102 0.102 0.102 0.102 0.102 0.102 0.102 0.102 0.102 0.102 0.102 0.102 0.102 0.102 0.102 0.102 0.102 0.102 0.102 0.102 0.102 0.102 0.102 0.102 0.102 0.102 0.102 0.102 0.102 0.102 0.102 0.102 0.102 0.102 0.102 0.102 0.102 0.102 0.102 0.102 0.102 0.102 0.102 0.102 0.102 0.102 0.102 0.102 0.102 0.102 0.102 0.102 0.102 0.102 0.102 0.102 0.102 0.102 0.102 0.102 0.102 0.102 0.102 0.102 0.102 0.102 0.102 0.102 0.102 0.102 0.102 0.102 0.102 0.102 0.102 0.102 0.102 0.102 0.102 0.102 0.102 0.102 /Gy
dv:Sc/CellGeneric_abR2/HCP/Helium/Alpha 	= 250 1.412 1.421 1.430 1.439 1.447 1.455 1.462 1.468 1.473 1.478 1.482 1.484 1.486 1.487 1.487 1.486 1.484 1.481 1.477 1.472 1.466 1.459 1.451 1.442 1.432 1.421 1.410 1.398 1.385 1.371 1.356 1.342 1.326 1.309 1.292 1.275 1.257 1.239 1.220 1.201 1.182 1.162 1.143 1.123 1.104 1.084 1.062 1.045 1.029 1.013 0.996 0.977 0.957 0.937 0.917 0.896 0.875 0.855 0.834 0.814 0.794 0.775 0.756 0.737 0.718 0.700 0.682 0.664 0.647 0.630 0.614 0.598 0.583 0.567 0.553 0.539 0.524 0.511 0.498 0.485 0.473 0.461 0.449 0.439 0.428 0.417 0.407 0.397 0.388 0.378 0.370 0.361 0.353 0.345 0.337 0.329 0.321 0.315 0.308 0.301 0.295 0.289 0.282 0.277 0.271 0.265 0.260 0.255 0.250 0.245 0.241 0.236 0.232 0.227 0.224 0.220 0.216 0.212 0.209 0.205 0.202 0.198 0.195 0.192 0.189 0.187 0.184 0.181 0.179 0.176 0.174 0.171 0.169 0.167 0.165 0.163 0.161 0.159 0.157 0.155 0.154 0.152 0.151 0.149 0.148 0.146 0.145 0.143 0.142 0.141 0.140 0.138 0.137 0.136 0.135 0.134 0.133 0.132 0.131 0.130 0.129 0.129 0.128 0.127 0.126 0.126 0.125 0.124 0.123 0.123 0.122 0.122 0.121 0.120 0.120 0.119 0.119 0.118 0.118 0.117 0.117 0.117 0.116 0.116 0.115 0.115 0.115 0.114 0.114 0.114 0.113 0.113 0.113 0.113 0.112 0.112 0.112 0.112 0.111 0.111 0.111 0.111 0.111 0.110 0.110 0.110 0.110 0.110 0.110 0.109 0.109 0.109 0.109 0.109 0.109 0.109 0.108 0.108 0.108 0.108 0.108 0.108 0.108 0.108 0.108 0.108 0.108 0.108 0.108 0.107 0.107 0.107 0.107 0.107 0.107 0.107 0.107 0.107 0.107 0.107 0.107 0.107 0.107 0.107 0.107 0.107 0.107 0.107 0.107 0.107 /Gy
dv:Sc/CellGeneric_abR2/HCP/Lithium/Alpha 	= 250 0.738 0.738 0.739 0.740 0.741 0.744 0.746 0.749 0.753 0.757 0.761 0.766 0.772 0.778 0.785 0.793 0.801 0.809 0.819 0.829 0.839 0.851 0.862 0.875 0.888 0.902 0.916 0.931 0.947 0.963 0.981 0.998 1.016 1.035 1.053 1.073 1.093 1.113 1.134 1.154 1.175 1.195 1.215 1.235 1.254 1.274 1.294 1.312 1.330 1.347 1.363 1.378 1.392 1.405 1.416 1.426 1.436 1.443 1.450 1.455 1.458 1.461 1.461 1.461 1.460 1.457 1.454 1.450 1.444 1.436 1.426 1.415 1.401 1.387 1.372 1.355 1.336 1.318 1.299 1.277 1.256 1.234 1.210 1.188 1.164 1.140 1.116 1.092 1.068 1.044 1.021 0.997 0.974 0.951 0.929 0.907 0.883 0.863 0.842 0.820 0.800 0.780 0.760 0.741 0.722 0.704 0.686 0.668 0.652 0.635 0.620 0.604 0.588 0.573 0.559 0.545 0.530 0.518 0.505 0.492 0.480 0.468 0.456 0.446 0.435 0.424 0.414 0.404 0.395 0.386 0.377 0.368 0.360 0.351 0.344 0.336 0.328 0.322 0.315 0.308 0.302 0.296 0.289 0.283 0.278 0.272 0.267 0.262 0.256 0.252 0.247 0.242 0.238 0.233 0.230 0.225 0.222 0.218 0.214 0.211 0.208 0.205 0.201 0.198 0.195 0.192 0.190 0.187 0.184 0.182 0.180 0.177 0.175 0.173 0.171 0.169 0.167 0.165 0.163 0.161 0.159 0.158 0.156 0.155 0.153 0.152 0.150 0.149 0.148 0.146 0.145 0.144 0.143 0.142 0.141 0.140 0.139 0.138 0.137 0.136 0.135 0.134 0.133 0.133 0.132 0.131 0.130 0.130 0.129 0.128 0.128 0.127 0.127 0.126 0.126 0.125 0.125 0.124 0.124 0.123 0.123 0.123 0.122 0.122 0.121 0.121 0.121 0.121 0.120 0.120 0.120 0.119 0.119 0.119 0.119 0.118 0.118 0.118 0.118 0.118 0.118 0.117 0.117 0.117 0.117 0.117 0.117 0.117 0.116 0.116 /Gy
dv:Sc/CellGeneric_abR2/HCP/Beryllium/Alpha 	= 250 0.540 0.534 0.528 0.522 0.517 0.513 0.508 0.505 0.502 0.499 0.497 0.495 0.494 0.493 0.493 0.493 0.493 0.494 0.495 0.497 0.499 0.502 0.505 0.508 0.512 0.516 0.520 0.525 0.530 0.536 0.541 0.548 0.554 0.561 0.568 0.576 0.584 0.592 0.601 0.609 0.619 0.628 0.639 0.649 0.660 0.671 0.683 0.695 0.708 0.721 0.735 0.749 0.763 0.779 0.794 0.811 0.828 0.845 0.863 0.881 0.901 0.920 0.941 0.961 0.983 1.004 1.026 1.048 1.071 1.094 1.115 1.131 1.147 1.165 1.185 1.205 1.226 1.246 1.267 1.288 1.306 1.323 1.340 1.354 1.367 1.378 1.387 1.394 1.399 1.403 1.404 1.404 1.402 1.398 1.392 1.385 1.376 1.366 1.355 1.341 1.328 1.313 1.296 1.279 1.261 1.243 1.223 1.203 1.182 1.161 1.141 1.119 1.096 1.072 1.050 1.027 1.002 0.980 0.957 0.932 0.910 0.887 0.863 0.841 0.818 0.796 0.774 0.752 0.732 0.710 0.690 0.670 0.651 0.632 0.614 0.597 0.579 0.564 0.549 0.533 0.520 0.507 0.493 0.481 0.470 0.459 0.449 0.440 0.431 0.422 0.412 0.402 0.393 0.383 0.375 0.366 0.358 0.350 0.342 0.334 0.328 0.321 0.314 0.307 0.301 0.295 0.289 0.283 0.277 0.272 0.267 0.261 0.257 0.252 0.247 0.243 0.239 0.235 0.231 0.227 0.223 0.220 0.216 0.213 0.209 0.206 0.203 0.200 0.197 0.195 0.192 0.189 0.187 0.184 0.182 0.180 0.178 0.176 0.174 0.172 0.170 0.168 0.166 0.165 0.163 0.161 0.160 0.159 0.157 0.156 0.154 0.153 0.152 0.151 0.150 0.148 0.147 0.146 0.145 0.144 0.144 0.143 0.142 0.141 0.140 0.139 0.139 0.138 0.137 0.137 0.136 0.136 0.135 0.134 0.134 0.133 0.133 0.132 0.132 0.132 0.131 0.131 0.130 0.130 0.130 0.129 0.129 0.129 0.129 0.128 /Gy
dv:Sc/CellGeneric_abR2/HCP/Boron/Alpha 	= 250 0.431 0.425 0.420 0.415 0.411 0.407 0.403 0.399 0.396 0.394 0.391 0.389 0.387 0.385 0.384 0.383 0.382 0.381 0.381 0.381 0.382 0.382 0.383 0.384 0.385 0.387 0.389 0.391 0.393 0.395 0.398 0.401 0.404 0.407 0.411 0.414 0.418 0.422 0.426 0.431 0.435 0.440 0.445 0.451 0.456 0.462 0.468 0.475 0.481 0.488 0.495 0.503 0.510 0.519 0.527 0.536 0.545 0.555 0.564 0.575 0.585 0.596 0.608 0.620 0.632 0.645 0.659 0.673 0.686 0.701 0.717 0.731 0.747 0.763 0.777 0.791 0.805 0.820 0.838 0.858 0.878 0.900 0.923 0.945 0.969 0.992 1.016 1.039 1.063 1.086 1.110 1.131 1.153 1.176 1.196 1.216 1.235 1.252 1.268 1.284 1.297 1.309 1.320 1.328 1.336 1.341 1.345 1.348 1.348 1.347 1.345 1.341 1.335 1.328 1.319 1.309 1.297 1.284 1.271 1.255 1.239 1.221 1.202 1.183 1.162 1.142 1.119 1.097 1.074 1.051 1.027 1.003 0.978 0.954 0.930 0.906 0.881 0.858 0.835 0.811 0.787 0.767 0.745 0.724 0.706 0.687 0.670 0.655 0.639 0.628 0.617 0.604 0.591 0.577 0.562 0.549 0.535 0.523 0.511 0.498 0.486 0.475 0.463 0.452 0.442 0.431 0.421 0.412 0.402 0.393 0.384 0.376 0.368 0.360 0.353 0.345 0.337 0.330 0.324 0.317 0.310 0.305 0.298 0.292 0.287 0.282 0.276 0.271 0.266 0.262 0.257 0.253 0.248 0.244 0.240 0.236 0.232 0.229 0.225 0.222 0.219 0.216 0.213 0.210 0.207 0.204 0.201 0.199 0.197 0.194 0.192 0.190 0.188 0.186 0.184 0.182 0.180 0.178 0.176 0.175 0.173 0.171 0.170 0.169 0.167 0.166 0.165 0.163 0.162 0.161 0.160 0.159 0.158 0.157 0.156 0.155 0.154 0.153 0.153 0.152 0.151 0.151 0.150 0.149 0.149 0.148 0.147 0.147 0.146 0.146 /Gy
dv:Sc/CellGeneric_abR2/HCP/Carbon/Alpha 	= 250 0.391 0.384 0.377 0.371 0.365 0.360 0.354 0.349 0.345 0.340 0.336 0.332 0.328 0.325 0.322 0.319 0.317 0.315 0.312 0.311 0.309 0.308 0.307 0.307 0.306 0.306 0.306 0.306 0.306 0.307 0.308 0.309 0.310 0.311 0.313 0.314 0.316 0.318 0.320 0.323 0.325 0.328 0.331 0.334 0.337 0.340 0.344 0.347 0.351 0.355 0.359 0.363 0.368 0.373 0.377 0.383 0.388 0.393 0.399 0.405 0.411 0.418 0.425 0.432 0.439 0.446 0.454 0.462 0.471 0.479 0.488 0.497 0.507 0.517 0.527 0.537 0.549 0.558 0.568 0.579 0.588 0.597 0.607 0.619 0.632 0.646 0.661 0.677 0.693 0.709 0.726 0.743 0.761 0.779 0.796 0.815 0.835 0.854 0.874 0.895 0.915 0.936 0.958 0.978 1.000 1.021 1.042 1.064 1.085 1.106 1.125 1.144 1.164 1.183 1.200 1.217 1.233 1.247 1.260 1.272 1.282 1.291 1.298 1.303 1.307 1.309 1.309 1.307 1.303 1.297 1.290 1.280 1.269 1.256 1.241 1.226 1.208 1.191 1.171 1.149 1.129 1.107 1.083 1.059 1.036 1.012 0.988 0.966 0.942 0.921 0.900 0.880 0.862 0.843 0.829 0.814 0.799 0.783 0.766 0.747 0.731 0.714 0.696 0.680 0.664 0.647 0.632 0.617 0.602 0.588 0.574 0.560 0.547 0.533 0.522 0.509 0.498 0.487 0.476 0.463 0.454 0.444 0.433 0.424 0.415 0.405 0.396 0.388 0.379 0.372 0.364 0.356 0.349 0.342 0.335 0.328 0.322 0.316 0.310 0.304 0.299 0.293 0.288 0.283 0.279 0.274 0.269 0.265 0.261 0.256 0.253 0.249 0.245 0.241 0.238 0.234 0.231 0.228 0.225 0.222 0.219 0.217 0.214 0.212 0.209 0.207 0.205 0.203 0.200 0.198 0.196 0.195 0.193 0.191 0.189 0.188 0.186 0.185 0.183 0.182 0.180 0.179 0.178 0.177 0.176 0.175 0.174 0.173 0.172 0.171 /Gy
dv:Sc/CellGeneric_abR2/HCP/Nitrogen/Alpha 	= 250 0.362 0.356 0.349 0.343 0.337 0.331 0.325 0.320 0.315 0.310 0.305 0.300 0.296 0.292 0.289 0.285 0.282 0.279 0.276 0.273 0.271 0.269 0.267 0.265 0.263 0.262 0.261 0.260 0.259 0.259 0.258 0.258 0.258 0.257 0.258 0.258 0.258 0.259 0.260 0.260 0.261 0.263 0.264 0.265 0.267 0.268 0.270 0.272 0.274 0.276 0.278 0.280 0.283 0.285 0.288 0.291 0.294 0.297 0.300 0.303 0.307 0.311 0.315 0.319 0.323 0.327 0.332 0.337 0.342 0.347 0.352 0.358 0.363 0.370 0.376 0.382 0.389 0.396 0.403 0.411 0.418 0.426 0.435 0.440 0.447 0.453 0.460 0.468 0.477 0.487 0.497 0.509 0.520 0.532 0.543 0.555 0.569 0.581 0.594 0.608 0.622 0.636 0.651 0.665 0.681 0.696 0.712 0.729 0.745 0.763 0.779 0.797 0.816 0.836 0.854 0.874 0.896 0.915 0.936 0.958 0.978 1.000 1.022 1.043 1.065 1.086 1.106 1.127 1.146 1.166 1.183 1.200 1.216 1.230 1.243 1.254 1.263 1.270 1.275 1.278 1.280 1.279 1.275 1.269 1.262 1.252 1.240 1.227 1.212 1.196 1.179 1.160 1.142 1.122 1.103 1.084 1.066 1.048 1.032 1.016 1.001 0.985 0.967 0.949 0.930 0.910 0.891 0.872 0.852 0.834 0.815 0.797 0.779 0.761 0.744 0.726 0.711 0.696 0.679 0.661 0.648 0.633 0.617 0.603 0.590 0.575 0.562 0.550 0.537 0.525 0.513 0.501 0.490 0.479 0.469 0.458 0.449 0.439 0.430 0.420 0.412 0.403 0.395 0.387 0.380 0.372 0.365 0.358 0.351 0.344 0.338 0.332 0.326 0.320 0.315 0.309 0.304 0.299 0.294 0.289 0.285 0.281 0.276 0.272 0.268 0.264 0.261 0.258 0.254 0.250 0.248 0.244 0.241 0.239 0.236 0.233 0.231 0.228 0.226 0.223 0.221 0.219 0.217 0.216 0.214 0.212 0.210 0.208 0.207 0.205 /Gy
dv:Sc/CellGeneric_abR2/HCP/Oxygen/Alpha 	= 250 0.356 0.348 0.340 0.332 0.324 0.317 0.310 0.303 0.297 0.290 0.284 0.279 0.273 0.268 0.263 0.259 0.254 0.250 0.247 0.243 0.240 0.237 0.234 0.231 0.229 0.227 0.225 0.224 0.222 0.221 0.220 0.219 0.218 0.217 0.217 0.217 0.217 0.217 0.217 0.217 0.218 0.218 0.219 0.220 0.221 0.222 0.223 0.225 0.226 0.228 0.229 0.231 0.233 0.235 0.237 0.239 0.241 0.243 0.246 0.248 0.251 0.253 0.256 0.259 0.262 0.266 0.269 0.272 0.276 0.279 0.283 0.287 0.291 0.295 0.300 0.304 0.309 0.314 0.319 0.324 0.329 0.335 0.340 0.346 0.352 0.358 0.364 0.369 0.373 0.378 0.383 0.389 0.396 0.404 0.411 0.420 0.429 0.437 0.446 0.456 0.465 0.475 0.485 0.495 0.505 0.516 0.527 0.538 0.549 0.561 0.572 0.585 0.598 0.611 0.624 0.638 0.652 0.666 0.681 0.697 0.713 0.729 0.746 0.763 0.781 0.800 0.819 0.839 0.858 0.879 0.900 0.922 0.943 0.965 0.988 1.010 1.033 1.054 1.075 1.098 1.118 1.137 1.157 1.174 1.190 1.205 1.218 1.229 1.238 1.245 1.250 1.253 1.254 1.252 1.249 1.243 1.236 1.227 1.217 1.205 1.195 1.182 1.167 1.153 1.139 1.123 1.107 1.091 1.072 1.055 1.037 1.018 1.000 0.981 0.963 0.943 0.927 0.909 0.890 0.869 0.852 0.835 0.815 0.798 0.781 0.763 0.746 0.730 0.713 0.698 0.682 0.667 0.652 0.637 0.623 0.609 0.596 0.582 0.570 0.557 0.545 0.533 0.522 0.511 0.500 0.489 0.479 0.470 0.460 0.450 0.441 0.432 0.423 0.415 0.407 0.399 0.392 0.384 0.378 0.371 0.364 0.358 0.351 0.345 0.340 0.334 0.329 0.324 0.319 0.313 0.309 0.304 0.300 0.296 0.292 0.288 0.284 0.280 0.277 0.273 0.270 0.267 0.264 0.261 0.258 0.255 0.253 0.250 0.248 0.245 /Gy

dv:Sc/CellGeneric_abR2/HCP/Proton/Beta 	= 250 0.050 0.050 0.050 0.050 0.050 0.050 0.050 0.050 0.050 0.050 0.050 0.050 0.050 0.050 0.050 0.050 0.050 0.050 0.050 0.050 0.050 0.050 0.050 0.050 0.050 0.050 0.050 0.050 0.050 0.050 0.050 0.050 0.050 0.050 0.050 0.050 0.050 0.050 0.050 0.050 0.050 0.050 0.050 0.050 0.050 0.050 0.050 0.050 0.050 0.050 0.050 0.050 0.050 0.050 0.050 0.050 0.050 0.050 0.050 0.050 0.050 0.050 0.050 0.050 0.050 0.050 0.050 0.050 0.050 0.050 0.050 0.050 0.050 0.050 0.050 0.050 0.050 0.050 0.050 0.050 0.050 0.050 0.050 0.050 0.050 0.050 0.050 0.050 0.050 0.050 0.050 0.050 0.050 0.050 0.050 0.050 0.050 0.050 0.050 0.050 0.050 0.050 0.050 0.050 0.050 0.050 0.050 0.050 0.050 0.050 0.050 0.050 0.050 0.050 0.050 0.050 0.050 0.050 0.050 0.050 0.050 0.050 0.050 0.050 0.050 0.050 0.050 0.050 0.050 0.050 0.050 0.050 0.050 0.050 0.050 0.050 0.050 0.050 0.050 0.050 0.050 0.050 0.050 0.050 0.050 0.050 0.050 0.050 0.050 0.050 0.050 0.050 0.050 0.050 0.050 0.050 0.050 0.050 0.050 0.050 0.050 0.050 0.050 0.050 0.050 0.050 0.050 0.050 0.050 0.050 0.050 0.050 0.050 0.050 0.050 0.050 0.050 0.050 0.050 0.050 0.050 0.050 0.050 0.050 0.050 0.050 0.050 0.050 0.050 0.050 0.050 0.050 0.050 0.050 0.050 0.050 0.050 0.050 0.050 0.050 0.050 0.050 0.050 0.050 0.050 0.050 0.050 0.050 0.050 0.050 0.050 0.050 0.050 0.050 0.050 0.050 0.050 0.050 0.050 0.050 0.050 0.050 0.050 0.050 0.050 0.050 0.050 0.050 0.050 0.050 0.050 0.050 0.050 0.050 0.050 0.050 0.050 0.050 0.050 0.050 0.050 0.050 0.050 0.050 0.050 0.050 0.050 0.050 0.050 0.050 /Gy2
dv:Sc/CellGeneric_abR2/HCP/Helium/Beta 	= 250 0.050 0.050 0.050 0.050 0.050 0.050 0.050 0.050 0.050 0.050 0.050 0.050 0.050 0.050 0.050 0.050 0.050 0.050 0.050 0.050 0.050 0.050 0.050 0.050 0.050 0.050 0.050 0.050 0.050 0.050 0.050 0.050 0.050 0.050 0.050 0.050 0.050 0.050 0.050 0.050 0.050 0.050 0.050 0.050 0.050 0.050 0.050 0.050 0.050 0.050 0.050 0.050 0.050 0.050 0.050 0.050 0.050 0.050 0.050 0.050 0.050 0.050 0.050 0.050 0.050 0.050 0.050 0.050 0.050 0.050 0.050 0.050 0.050 0.050 0.050 0.050 0.050 0.050 0.050 0.050 0.050 0.050 0.050 0.050 0.050 0.050 0.050 0.050 0.050 0.050 0.050 0.050 0.050 0.050 0.050 0.050 0.050 0.050 0.050 0.050 0.050 0.050 0.050 0.050 0.050 0.050 0.050 0.050 0.050 0.050 0.050 0.050 0.050 0.050 0.050 0.050 0.050 0.050 0.050 0.050 0.050 0.050 0.050 0.050 0.050 0.050 0.050 0.050 0.050 0.050 0.050 0.050 0.050 0.050 0.050 0.050 0.050 0.050 0.050 0.050 0.050 0.050 0.050 0.050 0.050 0.050 0.050 0.050 0.050 0.050 0.050 0.050 0.050 0.050 0.050 0.050 0.050 0.050 0.050 0.050 0.050 0.050 0.050 0.050 0.050 0.050 0.050 0.050 0.050 0.050 0.050 0.050 0.050 0.050 0.050 0.050 0.050 0.050 0.050 0.050 0.050 0.050 0.050 0.050 0.050 0.050 0.050 0.050 0.050 0.050 0.050 0.050 0.050 0.050 0.050 0.050 0.050 0.050 0.050 0.050 0.050 0.050 0.050 0.050 0.050 0.050 0.050 0.050 0.050 0.050 0.050 0.050 0.050 0.050 0.050 0.050 0.050 0.050 0.050 0.050 0.050 0.050 0.050 0.050 0.050 0.050 0.050 0.050 0.050 0.050 0.050 0.050 0.050 0.050 0.050 0.050 0.050 0.050 0.050 0.050 0.050 0.050 0.050 0.050 0.050 0.050 0.050 0.050 0.050 0.050 /Gy2
dv:Sc/CellGeneric_abR2/HCP/Lithium/Beta 	= 250 0.050 0.050 0.050 0.050 0.050 0.050 0.050 0.050 0.050 0.050 0.050 0.050 0.050 0.050 0.050 0.050 0.050 0.050 0.050 0.050 0.050 0.050 0.050 0.050 0.050 0.050 0.050 0.050 0.050 0.050 0.050 0.050 0.050 0.050 0.050 0.050 0.050 0.050 0.050 0.050 0.050 0.050 0.050 0.050 0.050 0.050 0.050 0.050 0.050 0.050 0.050 0.050 0.050 0.050 0.050 0.050 0.050 0.050 0.050 0.050 0.050 0.050 0.050 0.050 0.050 0.050 0.050 0.050 0.050 0.050 0.050 0.050 0.050 0.050 0.050 0.050 0.050 0.050 0.050 0.050 0.050 0.050 0.050 0.050 0.050 0.050 0.050 0.050 0.050 0.050 0.050 0.050 0.050 0.050 0.050 0.050 0.050 0.050 0.050 0.050 0.050 0.050 0.050 0.050 0.050 0.050 0.050 0.050 0.050 0.050 0.050 0.050 0.050 0.050 0.050 0.050 0.050 0.050 0.050 0.050 0.050 0.050 0.050 0.050 0.050 0.050 0.050 0.050 0.050 0.050 0.050 0.050 0.050 0.050 0.050 0.050 0.050 0.050 0.050 0.050 0.050 0.050 0.050 0.050 0.050 0.050 0.050 0.050 0.050 0.050 0.050 0.050 0.050 0.050 0.050 0.050 0.050 0.050 0.050 0.050 0.050 0.050 0.050 0.050 0.050 0.050 0.050 0.050 0.050 0.050 0.050 0.050 0.050 0.050 0.050 0.050 0.050 0.050 0.050 0.050 0.050 0.050 0.050 0.050 0.050 0.050 0.050 0.050 0.050 0.050 0.050 0.050 0.050 0.050 0.050 0.050 0.050 0.050 0.050 0.050 0.050 0.050 0.050 0.050 0.050 0.050 0.050 0.050 0.050 0.050 0.050 0.050 0.050 0.050 0.050 0.050 0.050 0.050 0.050 0.050 0.050 0.050 0.050 0.050 0.050 0.050 0.050 0.050 0.050 0.050 0.050 0.050 0.050 0.050 0.050 0.050 0.050 0.050 0.050 0.050 0.050 0.050 0.050 0.050 0.050 0.050 0.050 0.050 0.050 0.050 /Gy2
dv:Sc/CellGeneric_abR2/HCP/Beryllium/Beta 	= 250 0.050 0.050 0.050 0.050 0.050 0.050 0.050 0.050 0.050 0.050 0.050 0.050 0.050 0.050 0.050 0.050 0.050 0.050 0.050 0.050 0.050 0.050 0.050 0.050 0.050 0.050 0.050 0.050 0.050 0.050 0.050 0.050 0.050 0.050 0.050 0.050 0.050 0.050 0.050 0.050 0.050 0.050 0.050 0.050 0.050 0.050 0.050 0.050 0.050 0.050 0.050 0.050 0.050 0.050 0.050 0.050 0.050 0.050 0.050 0.050 0.050 0.050 0.050 0.050 0.050 0.050 0.050 0.050 0.050 0.050 0.050 0.050 0.050 0.050 0.050 0.050 0.050 0.050 0.050 0.050 0.050 0.050 0.050 0.050 0.050 0.050 0.050 0.050 0.050 0.050 0.050 0.050 0.050 0.050 0.050 0.050 0.050 0.050 0.050 0.050 0.050 0.050 0.050 0.050 0.050 0.050 0.050 0.050 0.050 0.050 0.050 0.050 0.050 0.050 0.050 0.050 0.050 0.050 0.050 0.050 0.050 0.050 0.050 0.050 0.050 0.050 0.050 0.050 0.050 0.050 0.050 0.050 0.050 0.050 0.050 0.050 0.050 0.050 0.050 0.050 0.050 0.050 0.050 0.050 0.050 0.050 0.050 0.050 0.050 0.050 0.050 0.050 0.050 0.050 0.050 0.050 0.050 0.050 0.050 0.050 0.050 0.050 0.050 0.050 0.050 0.050 0.050 0.050 0.050 0.050 0.050 0.050 0.050 0.050 0.050 0.050 0.050 0.050 0.050 0.050 0.050 0.050 0.050 0.050 0.050 0.050 0.050 0.050 0.050 0.050 0.050 0.050 0.050 0.050 0.050 0.050 0.050 0.050 0.050 0.050 0.050 0.050 0.050 0.050 0.050 0.050 0.050 0.050 0.050 0.050 0.050 0.050 0.050 0.050 0.050 0.050 0.050 0.050 0.050 0.050 0.050 0.050 0.050 0.050 0.050 0.050 0.050 0.050 0.050 0.050 0.050 0.050 0.050 0.050 0.050 0.050 0.050 0.050 0.050 0.050 0.050 0.050 0.050 0.050 0.050 0.050 0.050 0.050 0.050 0.050 /Gy2
dv:Sc/CellGeneric_abR2/HCP/Boron/Beta 	= 250 0.050 0.050 0.050 0.050 0.050 0.050 0.050 0.050 0.050 0.050 0.050 0.050 0.050 0.050 0.050 0.050 0.050 0.050 0.050 0.050 0.050 0.050 0.050 0.050 0.050 0.050 0.050 0.050 0.050 0.050 0.050 0.050 0.050 0.050 0.050 0.050 0.050 0.050 0.050 0.050 0.050 0.050 0.050 0.050 0.050 0.050 0.050 0.050 0.050 0.050 0.050 0.050 0.050 0.050 0.050 0.050 0.050 0.050 0.050 0.050 0.050 0.050 0.050 0.050 0.050 0.050 0.050 0.050 0.050 0.050 0.050 0.050 0.050 0.050 0.050 0.050 0.050 0.050 0.050 0.050 0.050 0.050 0.050 0.050 0.050 0.050 0.050 0.050 0.050 0.050 0.050 0.050 0.050 0.050 0.050 0.050 0.050 0.050 0.050 0.050 0.050 0.050 0.050 0.050 0.050 0.050 0.050 0.050 0.050 0.050 0.050 0.050 0.050 0.050 0.050 0.050 0.050 0.050 0.050 0.050 0.050 0.050 0.050 0.050 0.050 0.050 0.050 0.050 0.050 0.050 0.050 0.050 0.050 0.050 0.050 0.050 0.050 0.050 0.050 0.050 0.050 0.050 0.050 0.050 0.050 0.050 0.050 0.050 0.050 0.050 0.050 0.050 0.050 0.050 0.050 0.050 0.050 0.050 0.050 0.050 0.050 0.050 0.050 0.050 0.050 0.050 0.050 0.050 0.050 0.050 0.050 0.050 0.050 0.050 0.050 0.050 0.050 0.050 0.050 0.050 0.050 0.050 0.050 0.050 0.050 0.050 0.050 0.050 0.050 0.050 0.050 0.050 0.050 0.050 0.050 0.050 0.050 0.050 0.050 0.050 0.050 0.050 0.050 0.050 0.050 0.050 0.050 0.050 0.050 0.050 0.050 0.050 0.050 0.050 0.050 0.050 0.050 0.050 0.050 0.050 0.050 0.050 0.050 0.050 0.050 0.050 0.050 0.050 0.050 0.050 0.050 0.050 0.050 0.050 0.050 0.050 0.050 0.050 0.050 0.050 0.050 0.050 0.050 0.050 0.050 0.050 0.050 0.050 0.050 0.050 /Gy2
dv:Sc/CellGeneric_abR2/HCP/Carbon/Beta 	= 250 0.050 0.050 0.050 0.050 0.050 0.050 0.050 0.050 0.050 0.050 0.050 0.050 0.050 0.050 0.050 0.050 0.050 0.050 0.050 0.050 0.050 0.050 0.050 0.050 0.050 0.050 0.050 0.050 0.050 0.050 0.050 0.050 0.050 0.050 0.050 0.050 0.050 0.050 0.050 0.050 0.050 0.050 0.050 0.050 0.050 0.050 0.050 0.050 0.050 0.050 0.050 0.050 0.050 0.050 0.050 0.050 0.050 0.050 0.050 0.050 0.050 0.050 0.050 0.050 0.050 0.050 0.050 0.050 0.050 0.050 0.050 0.050 0.050 0.050 0.050 0.050 0.050 0.050 0.050 0.050 0.050 0.050 0.050 0.050 0.050 0.050 0.050 0.050 0.050 0.050 0.050 0.050 0.050 0.050 0.050 0.050 0.050 0.050 0.050 0.050 0.050 0.050 0.050 0.050 0.050 0.050 0.050 0.050 0.050 0.050 0.050 0.050 0.050 0.050 0.050 0.050 0.050 0.050 0.050 0.050 0.050 0.050 0.050 0.050 0.050 0.050 0.050 0.050 0.050 0.050 0.050 0.050 0.050 0.050 0.050 0.050 0.050 0.050 0.050 0.050 0.050 0.050 0.050 0.050 0.050 0.050 0.050 0.050 0.050 0.050 0.050 0.050 0.050 0.050 0.050 0.050 0.050 0.050 0.050 0.050 0.050 0.050 0.050 0.050 0.050 0.050 0.050 0.050 0.050 0.050 0.050 0.050 0.050 0.050 0.050 0.050 0.050 0.050 0.050 0.050 0.050 0.050 0.050 0.050 0.050 0.050 0.050 0.050 0.050 0.050 0.050 0.050 0.050 0.050 0.050 0.050 0.050 0.050 0.050 0.050 0.050 0.050 0.050 0.050 0.050 0.050 0.050 0.050 0.050 0.050 0.050 0.050 0.050 0.050 0.050 0.050 0.050 0.050 0.050 0.050 0.050 0.050 0.050 0.050 0.050 0.050 0.050 0.050 0.050 0.050 0.050 0.050 0.050 0.050 0.050 0.050 0.050 0.050 0.050 0.050 0.050 0.050 0.050 0.050 0.050 0.050 0.050 0.050 0.050 0.050 /Gy2
dv:Sc/CellGeneric_abR2/HCP/Nitrogen/Beta 	= 250 0.050 0.050 0.050 0.050 0.050 0.050 0.050 0.050 0.050 0.050 0.050 0.050 0.050 0.050 0.050 0.050 0.050 0.050 0.050 0.050 0.050 0.050 0.050 0.050 0.050 0.050 0.050 0.050 0.050 0.050 0.050 0.050 0.050 0.050 0.050 0.050 0.050 0.050 0.050 0.050 0.050 0.050 0.050 0.050 0.050 0.050 0.050 0.050 0.050 0.050 0.050 0.050 0.050 0.050 0.050 0.050 0.050 0.050 0.050 0.050 0.050 0.050 0.050 0.050 0.050 0.050 0.050 0.050 0.050 0.050 0.050 0.050 0.050 0.050 0.050 0.050 0.050 0.050 0.050 0.050 0.050 0.050 0.050 0.050 0.050 0.050 0.050 0.050 0.050 0.050 0.050 0.050 0.050 0.050 0.050 0.050 0.050 0.050 0.050 0.050 0.050 0.050 0.050 0.050 0.050 0.050 0.050 0.050 0.050 0.050 0.050 0.050 0.050 0.050 0.050 0.050 0.050 0.050 0.050 0.050 0.050 0.050 0.050 0.050 0.050 0.050 0.050 0.050 0.050 0.050 0.050 0.050 0.050 0.050 0.050 0.050 0.050 0.050 0.050 0.050 0.050 0.050 0.050 0.050 0.050 0.050 0.050 0.050 0.050 0.050 0.050 0.050 0.050 0.050 0.050 0.050 0.050 0.050 0.050 0.050 0.050 0.050 0.050 0.050 0.050 0.050 0.050 0.050 0.050 0.050 0.050 0.050 0.050 0.050 0.050 0.050 0.050 0.050 0.050 0.050 0.050 0.050 0.050 0.050 0.050 0.050 0.050 0.050 0.050 0.050 0.050 0.050 0.050 0.050 0.050 0.050 0.050 0.050 0.050 0.050 0.050 0.050 0.050 0.050 0.050 0.050 0.050 0.050 0.050 0.050 0.050 0.050 0.050 0.050 0.050 0.050 0.050 0.050 0.050 0.050 0.050 0.050 0.050 0.050 0.050 0.050 0.050 0.050 0.050 0.050 0.050 0.050 0.050 0.050 0.050 0.050 0.050 0.050 0.050 0.050 0.050 0.050 0.050 0.050 0.050 0.050 0.050 0.050 0.050 0.050 /Gy2
dv:Sc/CellGeneric_abR2/HCP/Oxygen/Beta 	= 250 0.050 0.050 0.050 0.050 0.050 0.050 0.050 0.050 0.050 0.050 0.050 0.050 0.050 0.050 0.050 0.050 0.050 0.050 0.050 0.050 0.050 0.050 0.050 0.050 0.050 0.050 0.050 0.050 0.050 0.050 0.050 0.050 0.050 0.050 0.050 0.050 0.050 0.050 0.050 0.050 0.050 0.050 0.050 0.050 0.050 0.050 0.050 0.050 0.050 0.050 0.050 0.050 0.050 0.050 0.050 0.050 0.050 0.050 0.050 0.050 0.050 0.050 0.050 0.050 0.050 0.050 0.050 0.050 0.050 0.050 0.050 0.050 0.050 0.050 0.050 0.050 0.050 0.050 0.050 0.050 0.050 0.050 0.050 0.050 0.050 0.050 0.050 0.050 0.050 0.050 0.050 0.050 0.050 0.050 0.050 0.050 0.050 0.050 0.050 0.050 0.050 0.050 0.050 0.050 0.050 0.050 0.050 0.050 0.050 0.050 0.050 0.050 0.050 0.050 0.050 0.050 0.050 0.050 0.050 0.050 0.050 0.050 0.050 0.050 0.050 0.050 0.050 0.050 0.050 0.050 0.050 0.050 0.050 0.050 0.050 0.050 0.050 0.050 0.050 0.050 0.050 0.050 0.050 0.050 0.050 0.050 0.050 0.050 0.050 0.050 0.050 0.050 0.050 0.050 0.050 0.050 0.050 0.050 0.050 0.050 0.050 0.050 0.050 0.050 0.050 0.050 0.050 0.050 0.050 0.050 0.050 0.050 0.050 0.050 0.050 0.050 0.050 0.050 0.050 0.050 0.050 0.050 0.050 0.050 0.050 0.050 0.050 0.050 0.050 0.050 0.050 0.050 0.050 0.050 0.050 0.050 0.050 0.050 0.050 0.050 0.050 0.050 0.050 0.050 0.050 0.050 0.050 0.050 0.050 0.050 0.050 0.050 0.050 0.050 0.050 0.050 0.050 0.050 0.050 0.050 0.050 0.050 0.050 0.050 0.050 0.050 0.050 0.050 0.050 0.050 0.050 0.050 0.050 0.050 0.050 0.050 0.050 0.050 0.050 0.050 0.050 0.050 0.050 0.050 0.050 0.050 0.050 0.050 0.050 0.050 /Gy2
