# LEM II RBE scorer

s:Sc/tabulatedAlpha/Quantity                   = "RBE_TabulatedAlphaBeta"
s:Sc/tabulatedAlpha/Component                  = "Patient"
s:Sc/tabulatedAlpha/OutputQuantity             = "alpha"
d:Sc/tabulatedAlpha/PrescribedDose             = Sc/PrescribedDose Gy
sv:Sc/tabulatedAlpha/CellLines                 = Sc/CellLines
s:Sc/tabulatedAlpha/OutputType                 = Sim/DoseScorerOutputType
s:Sc/tabulatedAlpha/OutputFile                 = Sim/ScoreLabel + "_alpha_LEM"
s:Sc/tabulatedAlpha/IfOutputFileAlreadyExists  = "Overwrite"
s:Sc/tabulatedAlpha/ModelName                  = "HCP"

s:Sc/tabulatedBeta/Quantity                   = "RBE_TabulatedAlphaBeta"
s:Sc/tabulatedBeta/Component                  = "Patient"
s:Sc/tabulatedBeta/OutputQuantity             = "beta"
d:Sc/tabulatedBeta/PrescribedDose             = Sc/PrescribedDose Gy
sv:Sc/tabulatedBeta/CellLines                 = Sc/CellLines
s:Sc/tabulatedBeta/OutputType                 = Sim/DoseScorerOutputType
s:Sc/tabulatedBeta/OutputFile                 = Sim/ScoreLabel + "_beta_LEM"
s:Sc/tabulatedBeta/IfOutputFileAlreadyExists  = "Overwrite"
s:Sc/tabulatedBeta/ModelName                  = "HCP"

#s:Sc/RBE/Quantity                   = "RBE_TabulatedAlphaBeta"
#s:Sc/RBE/Component                  = "Patient"
#s:Sc/RBE/OutputQuantity             = "rbe"
#d:Sc/RBE/PrescribedDose             = Sc/PrescribedDose Gy
#sv:Sc/RBE/CellLines                 = Sc/CellLines
#s:Sc/RBE/OutputType                 = Sim/DoseScorerOutputType
#s:Sc/RBE/OutputFile                 = Sim/ScoreLabel + "_RBE_LEM"
#s:Sc/RBE/IfOutputFileAlreadyExists  = "Overwrite"
#s:Sc/RBE/ModelName                  = "HCP"


### Survival generated table ###
sv:Sc/CellGeneric_abR2/HCP/ParticleName 		= 8 "Proton" "Helium" "Lithium" "Beryllium" "Boron" "Carbon" "Nitrogen" "Oxygen"
iv:Sc/CellGeneric_abR2/HCP/ParticleZ    		= 8 1 2 3 4 5 6 7 8
dv:Sc/CellGeneric_abR2/HCP/KineticEnergyPerNucleon 	= 250 0.100 0.104 0.107 0.111 0.115 0.119 0.123 0.128 0.132 0.137 0.142 0.147 0.152 0.157 0.163 0.168 0.174 0.180 0.187 0.193 0.200 0.207 0.215 0.222 0.230 0.238 0.247 0.255 0.264 0.274 0.283 0.293 0.304 0.314 0.326 0.337 0.349 0.361 0.374 0.387 0.401 0.415 0.430 0.445 0.461 0.477 0.494 0.511 0.529 0.548 0.567 0.587 0.608 0.630 0.652 0.675 0.699 0.723 0.749 0.776 0.803 0.831 0.861 0.891 0.923 0.955 0.989 1.024 1.060 1.097 1.136 1.176 1.218 1.261 1.305 1.352 1.399 1.449 1.500 1.553 1.608 1.665 1.723 1.784 1.847 1.913 1.980 2.050 2.122 2.197 2.275 2.355 2.439 2.525 2.614 2.706 2.802 2.901 3.003 3.110 3.219 3.333 3.451 3.573 3.699 3.830 3.965 4.105 4.250 4.400 4.556 4.717 4.883 5.056 5.234 5.419 5.611 5.809 6.014 6.227 6.447 6.674 6.910 7.154 7.407 7.669 7.939 8.220 8.510 8.811 9.122 9.445 9.778 10.124 10.481 10.852 11.235 11.632 12.043 12.468 12.909 13.365 13.837 14.326 14.832 15.356 15.898 16.460 17.041 17.643 18.267 18.912 19.580 20.272 20.988 21.729 22.497 23.292 24.114 24.966 25.848 26.761 27.707 28.686 29.699 30.748 31.835 32.959 34.124 35.329 36.577 37.869 39.207 40.592 42.026 43.511 45.048 46.639 48.287 49.993 51.759 53.588 55.481 57.441 59.470 61.571 63.746 65.998 68.330 70.743 73.243 75.830 78.509 81.282 84.154 87.127 90.205 93.392 96.691 100.107 103.643 107.305 111.095 115.020 119.084 123.290 127.646 132.155 136.824 141.658 146.662 151.843 157.208 162.761 168.511 174.464 180.628 187.009 193.615 200.455 207.537 214.868 222.459 230.318 238.455 246.879 255.600 264.630 273.979 283.657 293.678 304.053 314.795 325.916 337.429 349.350 361.691 374.469 387.698 401.394 415.575 430.256 445.456 461.192 477.485 494.353 511.818 529.899 548.619 568.000 MeV 

dv:Sc/CellGeneric_abR2/HCP/Proton/Alpha 	= 250 3.957 3.928 3.789 3.665 3.601 3.525 3.480 3.416 3.352 3.283 3.214 3.146 3.084 3.020 2.955 2.900 2.839 2.791 2.744 2.701 2.661 2.634 2.608 2.549 2.499 2.451 2.413 2.367 2.323 2.278 2.233 2.199 2.167 2.139 2.106 2.059 2.056 2.021 1.982 1.943 1.916 1.905 1.869 1.840 1.809 1.783 1.766 1.748 1.722 1.703 1.670 1.641 1.629 1.604 1.584 1.568 1.546 1.525 1.507 1.487 1.480 1.466 1.445 1.418 1.396 1.401 1.379 1.358 1.337 1.322 1.308 1.295 1.277 1.258 1.238 1.218 1.196 1.177 1.162 1.152 1.167 1.154 1.138 1.120 1.096 1.074 1.056 1.040 1.028 1.020 1.009 0.996 1.018 1.002 0.987 0.973 0.960 0.948 0.936 0.926 0.915 0.905 0.895 0.876 0.862 0.851 0.840 0.828 0.814 0.798 0.786 0.773 0.786 0.770 0.763 0.755 0.746 0.734 0.721 0.709 0.696 0.676 0.659 0.647 0.635 0.623 0.617 0.612 0.601 0.589 0.573 0.557 0.541 0.526 0.514 0.501 0.489 0.478 0.467 0.456 0.447 0.437 0.427 0.417 0.539 0.529 0.520 0.511 0.501 0.492 0.484 0.475 0.466 0.458 0.449 0.441 0.433 0.425 0.418 0.410 0.403 0.395 0.388 0.381 0.374 0.367 0.360 0.353 0.346 0.340 0.334 0.328 0.322 0.315 0.310 0.304 0.299 0.294 0.288 0.283 0.278 0.273 0.268 0.264 0.259 0.255 0.250 0.246 0.242 0.238 0.234 0.231 0.227 0.224 0.221 0.217 0.214 0.212 0.209 0.206 0.203 0.201 0.199 0.196 0.194 0.192 0.190 0.188 0.186 0.185 0.183 0.182 0.180 0.179 0.177 0.176 0.175 0.174 0.173 0.172 0.171 0.170 0.169 0.169 0.168 0.167 0.167 0.166 0.166 0.165 0.165 0.164 0.164 0.164 0.163 0.163 0.163 0.163 0.162 0.162 0.162 0.162 0.162 0.162 0.161 0.161 0.161 0.161 0.161 0.161 /Gy
dv:Sc/CellGeneric_abR2/HCP/Helium/Alpha 	= 250 6.635 6.724 6.814 6.903 6.981 7.059 7.148 7.226 7.301 7.374 7.444 7.548 7.581 7.631 7.668 7.694 7.726 7.779 7.804 7.777 7.763 7.794 7.770 7.740 7.735 7.719 7.633 7.567 7.500 7.470 7.495 7.496 7.204 7.123 7.062 6.941 6.830 6.811 6.698 6.581 6.495 6.424 6.313 6.225 6.135 5.988 5.896 5.819 5.785 5.727 5.505 5.345 5.408 5.304 5.206 5.086 4.976 4.867 4.695 4.647 4.604 4.408 4.296 4.202 4.180 4.144 4.029 3.913 3.803 3.731 3.650 3.572 3.550 3.445 3.335 3.320 3.259 3.192 3.137 3.075 2.969 2.936 2.915 2.793 2.728 2.673 2.637 2.597 2.551 2.501 2.454 2.409 2.366 2.322 2.278 2.242 2.197 2.163 2.129 2.099 2.071 2.047 2.031 2.000 1.962 1.931 1.893 1.869 1.838 1.803 1.774 1.750 1.719 1.702 1.674 1.651 1.634 1.625 1.594 1.564 1.537 1.529 1.510 1.485 1.465 1.440 1.431 1.415 1.400 1.387 1.366 1.341 1.320 1.311 1.293 1.276 1.266 1.253 1.236 1.222 1.210 1.205 1.192 1.181 1.161 1.141 1.147 1.131 1.115 1.099 1.084 1.073 1.063 1.054 1.043 1.029 1.014 1.000 0.985 0.969 0.957 0.948 0.940 0.955 0.945 0.935 0.924 0.909 0.892 0.878 0.865 0.854 0.843 0.838 0.833 0.825 0.816 0.836 0.826 0.815 0.805 0.796 0.788 0.780 0.772 0.765 0.758 0.751 0.745 0.738 0.732 0.726 0.712 0.703 0.697 0.690 0.683 0.676 0.669 0.661 0.652 0.644 0.637 0.631 0.624 0.640 0.630 0.621 0.618 0.614 0.609 0.605 0.601 0.597 0.592 0.586 0.581 0.575 0.570 0.565 0.560 0.555 0.549 0.543 0.536 0.529 0.523 0.518 0.514 0.510 0.506 0.502 0.499 0.495 0.492 0.488 0.485 0.482 0.479 0.476 0.473 0.470 0.468 0.467 0.465 0.463 0.462 0.460 0.458 0.457 /Gy
dv:Sc/CellGeneric_abR2/HCP/Lithium/Alpha 	= 250 3.106 3.107 3.109 3.113 3.120 3.129 3.139 3.152 3.167 3.184 3.202 3.225 3.249 3.275 3.304 3.336 3.370 3.407 3.446 3.488 3.533 3.581 3.631 3.684 3.740 3.799 3.861 3.924 3.990 4.061 4.136 4.209 4.287 4.370 4.452 4.540 4.622 4.710 4.806 4.889 4.979 5.075 5.166 5.255 5.336 5.422 5.517 5.600 5.679 5.758 5.834 5.930 5.976 6.034 6.081 6.119 6.160 6.213 6.247 6.245 6.249 6.282 6.286 6.265 6.239 6.246 6.235 6.175 6.132 6.088 6.071 6.097 6.109 5.865 5.820 5.780 5.681 5.631 5.602 5.495 5.394 5.345 5.275 5.202 5.133 5.029 4.927 4.880 4.850 4.803 4.601 4.579 4.557 4.452 4.368 4.280 4.189 4.105 3.959 3.945 3.914 3.728 3.648 3.575 3.570 3.505 3.440 3.340 3.251 3.195 3.133 3.069 3.057 2.960 2.869 2.869 2.816 2.760 2.716 2.665 2.574 2.555 2.537 2.430 2.377 2.332 2.304 2.270 2.232 2.190 2.150 2.112 2.076 2.039 2.001 1.971 1.934 1.906 1.877 1.851 1.826 1.804 1.792 1.779 1.739 1.707 1.681 1.660 1.635 1.604 1.578 1.551 1.532 1.512 1.497 1.478 1.450 1.441 1.430 1.406 1.383 1.360 1.355 1.343 1.318 1.302 1.282 1.267 1.258 1.248 1.233 1.222 1.203 1.184 1.168 1.162 1.148 1.135 1.127 1.116 1.102 1.091 1.081 1.068 1.066 1.057 1.049 1.032 1.016 1.004 1.011 0.998 0.986 0.974 0.962 0.954 0.946 0.939 0.932 0.922 0.912 0.901 0.890 0.880 0.870 0.857 0.849 0.841 0.836 0.850 0.844 0.838 0.831 0.823 0.816 0.807 0.796 0.785 0.775 0.767 0.759 0.752 0.745 0.739 0.734 0.731 0.728 0.724 0.718 0.713 0.708 0.701 0.722 0.717 0.711 0.705 0.700 0.695 0.690 0.685 0.681 0.677 0.673 0.669 0.665 0.661 0.658 0.654 0.651 0.647 /Gy
dv:Sc/CellGeneric_abR2/HCP/Beryllium/Alpha 	= 250 2.274 2.246 2.220 2.197 2.176 2.158 2.139 2.124 2.113 2.101 2.090 2.084 2.079 2.074 2.074 2.074 2.075 2.080 2.085 2.093 2.102 2.112 2.124 2.138 2.154 2.171 2.189 2.210 2.231 2.254 2.278 2.304 2.332 2.361 2.391 2.423 2.456 2.490 2.527 2.564 2.604 2.644 2.687 2.731 2.775 2.823 2.874 2.925 2.977 3.032 3.091 3.148 3.210 3.275 3.339 3.407 3.477 3.548 3.624 3.699 3.779 3.854 3.933 4.021 4.101 4.182 4.269 4.354 4.440 4.519 4.593 4.650 4.707 4.767 4.833 4.899 4.967 5.060 5.110 5.173 5.224 5.266 5.315 5.366 5.410 5.409 5.439 5.461 5.455 5.446 5.465 5.441 5.411 5.378 5.347 5.336 5.378 5.389 5.149 5.136 5.098 5.014 4.987 4.955 4.867 4.782 4.743 4.686 4.623 4.567 4.484 4.397 4.352 4.327 4.290 4.117 4.095 4.078 3.984 3.903 3.826 3.748 3.631 3.525 3.545 3.415 3.295 3.252 3.241 3.184 3.124 3.026 2.961 2.891 2.832 2.806 2.782 2.653 2.634 2.611 2.540 2.499 2.452 2.371 2.343 2.334 2.249 2.188 2.161 2.126 2.102 2.068 2.036 1.999 1.965 1.929 1.898 1.865 1.832 1.804 1.774 1.749 1.723 1.702 1.681 1.664 1.651 1.640 1.602 1.576 1.552 1.533 1.509 1.484 1.462 1.438 1.421 1.401 1.389 1.367 1.353 1.339 1.334 1.313 1.294 1.272 1.252 1.252 1.237 1.219 1.205 1.188 1.175 1.168 1.158 1.148 1.140 1.125 1.108 1.092 1.087 1.075 1.063 1.052 1.045 1.037 1.026 1.016 1.007 0.998 0.988 0.988 0.979 0.973 0.966 0.952 0.940 0.930 0.938 0.928 0.918 0.909 0.900 0.891 0.882 0.876 0.870 0.864 0.859 0.854 0.849 0.841 0.834 0.827 0.819 0.812 0.805 0.799 0.792 0.785 0.778 0.771 0.766 0.761 0.756 0.752 0.749 0.745 0.742 0.756 /Gy
dv:Sc/CellGeneric_abR2/HCP/Boron/Alpha 	= 250 1.812 1.789 1.769 1.748 1.728 1.712 1.696 1.680 1.668 1.656 1.644 1.635 1.627 1.620 1.615 1.610 1.607 1.605 1.604 1.604 1.605 1.608 1.611 1.616 1.621 1.629 1.636 1.644 1.653 1.664 1.674 1.686 1.699 1.713 1.727 1.743 1.759 1.776 1.794 1.813 1.832 1.853 1.874 1.897 1.921 1.945 1.970 1.998 2.025 2.054 2.084 2.115 2.148 2.183 2.218 2.255 2.294 2.334 2.375 2.418 2.463 2.510 2.558 2.608 2.660 2.715 2.770 2.829 2.886 2.948 3.014 3.072 3.135 3.202 3.261 3.315 3.371 3.432 3.501 3.580 3.657 3.737 3.824 3.906 3.992 4.069 4.148 4.227 4.306 4.379 4.452 4.515 4.600 4.682 4.709 4.758 4.801 4.843 4.878 4.933 4.943 4.956 4.991 5.004 5.000 5.008 5.015 4.986 4.953 4.933 4.922 4.903 4.948 4.827 4.717 4.727 4.670 4.613 4.598 4.570 4.480 4.424 4.373 4.321 4.267 4.213 4.120 4.067 4.018 4.005 3.866 3.750 3.808 3.729 3.657 3.583 3.506 3.400 3.298 3.320 3.187 3.110 3.045 3.038 2.987 2.932 2.851 2.781 2.736 2.690 2.644 2.624 2.603 2.511 2.433 2.449 2.401 2.358 2.322 2.281 2.202 2.190 2.176 2.088 2.046 2.008 1.984 1.958 1.927 1.896 1.863 1.834 1.801 1.774 1.746 1.715 1.689 1.662 1.641 1.618 1.599 1.578 1.561 1.552 1.543 1.513 1.488 1.468 1.450 1.429 1.408 1.386 1.365 1.346 1.331 1.312 1.303 1.292 1.273 1.252 1.254 1.245 1.224 1.206 1.189 1.172 1.172 1.164 1.146 1.134 1.121 1.106 1.096 1.091 1.083 1.075 1.064 1.058 1.046 1.032 1.019 1.009 1.007 0.997 0.988 0.979 0.973 0.967 0.961 0.951 0.944 0.936 0.930 0.924 0.917 0.909 0.911 0.904 0.899 0.894 0.889 0.882 0.873 0.865 0.858 0.852 0.845 0.855 0.850 0.844 /Gy
dv:Sc/CellGeneric_abR2/HCP/Carbon/Alpha 	= 250 1.645 1.616 1.588 1.562 1.538 1.514 1.491 1.470 1.451 1.431 1.413 1.398 1.382 1.367 1.355 1.343 1.333 1.324 1.315 1.308 1.302 1.297 1.293 1.290 1.288 1.286 1.286 1.287 1.289 1.292 1.294 1.299 1.303 1.309 1.315 1.322 1.330 1.338 1.347 1.357 1.368 1.379 1.391 1.404 1.417 1.431 1.446 1.461 1.477 1.493 1.511 1.529 1.548 1.568 1.588 1.610 1.632 1.655 1.680 1.705 1.731 1.758 1.787 1.816 1.846 1.878 1.911 1.944 1.980 2.016 2.053 2.091 2.132 2.175 2.216 2.260 2.308 2.348 2.390 2.434 2.473 2.511 2.553 2.604 2.658 2.716 2.779 2.844 2.908 2.976 3.043 3.114 3.181 3.250 3.321 3.394 3.465 3.535 3.607 3.683 3.751 3.818 3.889 3.955 4.023 4.087 4.149 4.210 4.287 4.330 4.375 4.421 4.461 4.502 4.535 4.583 4.601 4.614 4.646 4.669 4.662 4.673 4.683 4.660 4.632 4.615 4.608 4.593 4.645 4.505 4.397 4.432 4.372 4.315 4.319 4.247 4.172 4.142 4.093 4.041 3.990 3.905 3.852 3.806 3.795 3.655 3.623 3.612 3.534 3.470 3.404 3.339 3.279 3.172 3.158 3.138 3.041 2.954 2.909 2.852 2.859 2.809 2.760 2.684 2.618 2.576 2.528 2.480 2.472 2.409 2.337 2.327 2.310 2.254 2.215 2.182 2.123 2.069 2.071 2.022 1.965 1.931 1.897 1.877 1.854 1.825 1.796 1.768 1.740 1.711 1.686 1.659 1.632 1.610 1.585 1.563 1.544 1.524 1.507 1.490 1.478 1.469 1.460 1.431 1.410 1.392 1.372 1.359 1.343 1.321 1.302 1.285 1.272 1.256 1.240 1.233 1.223 1.209 1.191 1.185 1.182 1.168 1.153 1.139 1.124 1.110 1.110 1.103 1.092 1.079 1.070 1.059 1.047 1.037 1.029 1.027 1.020 1.013 1.006 0.998 0.995 0.986 0.977 0.967 0.958 0.949 0.941 0.942 0.935 0.928 /Gy
dv:Sc/CellGeneric_abR2/HCP/Nitrogen/Alpha 	= 250 1.525 1.496 1.468 1.441 1.416 1.392 1.367 1.345 1.324 1.303 1.282 1.264 1.247 1.229 1.214 1.199 1.185 1.172 1.160 1.149 1.139 1.130 1.122 1.115 1.108 1.102 1.097 1.093 1.091 1.088 1.085 1.084 1.084 1.083 1.084 1.085 1.087 1.089 1.092 1.096 1.100 1.105 1.110 1.116 1.122 1.129 1.136 1.144 1.152 1.161 1.170 1.179 1.189 1.200 1.211 1.223 1.235 1.248 1.262 1.276 1.291 1.307 1.323 1.340 1.358 1.377 1.396 1.416 1.437 1.459 1.482 1.505 1.529 1.555 1.580 1.608 1.637 1.665 1.696 1.728 1.760 1.793 1.828 1.853 1.879 1.907 1.936 1.968 2.007 2.048 2.093 2.141 2.188 2.236 2.284 2.336 2.391 2.443 2.497 2.556 2.612 2.670 2.731 2.790 2.854 2.917 2.978 3.042 3.109 3.173 3.233 3.299 3.369 3.437 3.501 3.564 3.631 3.694 3.757 3.822 3.880 3.938 4.015 4.080 4.109 4.164 4.194 4.235 4.272 4.323 4.339 4.356 4.392 4.410 4.410 4.425 4.436 4.408 4.389 4.370 4.367 4.405 4.323 4.212 4.226 4.172 4.118 4.119 4.056 3.992 3.955 3.909 3.863 3.815 3.741 3.677 3.648 3.633 3.607 3.480 3.396 3.435 3.389 3.338 3.278 3.217 3.158 3.077 2.991 2.994 2.975 2.839 2.786 2.733 2.730 2.713 2.649 2.584 2.522 2.477 2.429 2.387 2.367 2.350 2.269 2.200 2.215 2.178 2.137 2.108 2.074 2.011 1.961 1.974 1.925 1.868 1.841 1.810 1.793 1.771 1.744 1.720 1.693 1.669 1.643 1.619 1.596 1.572 1.547 1.527 1.506 1.488 1.470 1.453 1.438 1.423 1.409 1.403 1.396 1.374 1.355 1.337 1.321 1.303 1.293 1.277 1.262 1.246 1.231 1.216 1.206 1.193 1.179 1.173 1.164 1.148 1.142 1.127 1.123 1.121 1.114 1.101 1.090 1.079 1.068 1.056 1.046 1.040 1.040 1.034 /Gy
dv:Sc/CellGeneric_abR2/HCP/Oxygen/Alpha 	= 250 1.500 1.464 1.429 1.396 1.364 1.333 1.303 1.275 1.248 1.221 1.196 1.173 1.150 1.128 1.108 1.089 1.071 1.054 1.037 1.023 1.009 0.996 0.985 0.974 0.964 0.955 0.947 0.941 0.935 0.929 0.924 0.921 0.917 0.915 0.914 0.913 0.912 0.913 0.913 0.915 0.917 0.919 0.922 0.926 0.931 0.935 0.940 0.946 0.952 0.958 0.965 0.972 0.980 0.988 0.996 1.005 1.014 1.024 1.034 1.044 1.055 1.067 1.079 1.091 1.104 1.118 1.131 1.145 1.160 1.175 1.192 1.208 1.225 1.243 1.261 1.280 1.300 1.320 1.340 1.363 1.385 1.408 1.432 1.456 1.481 1.506 1.530 1.554 1.571 1.590 1.612 1.636 1.667 1.699 1.731 1.767 1.805 1.841 1.878 1.919 1.957 1.998 2.041 2.082 2.126 2.171 2.216 2.263 2.310 2.360 2.406 2.456 2.510 2.565 2.617 2.673 2.734 2.790 2.847 2.911 2.971 3.030 3.092 3.155 3.221 3.284 3.348 3.409 3.472 3.538 3.598 3.661 3.719 3.788 3.857 3.898 3.945 3.988 4.021 4.071 4.118 4.158 4.166 4.199 4.224 4.226 4.241 4.253 4.234 4.216 4.196 4.196 4.228 4.250 4.070 4.065 4.040 3.974 3.964 3.943 3.870 3.825 3.784 3.744 3.704 3.661 3.598 3.535 3.505 3.504 3.463 3.344 3.257 3.299 3.249 3.199 3.141 3.088 3.032 2.947 2.872 2.879 2.862 2.730 2.681 2.632 2.629 2.613 2.552 2.491 2.435 2.394 2.348 2.306 2.267 2.266 2.203 2.141 2.138 2.123 2.075 2.041 2.015 1.972 1.922 1.908 1.899 1.842 1.792 1.768 1.742 1.726 1.706 1.682 1.660 1.634 1.612 1.589 1.566 1.546 1.525 1.503 1.486 1.465 1.445 1.430 1.415 1.399 1.386 1.371 1.360 1.350 1.343 1.337 1.318 1.301 1.285 1.273 1.258 1.249 1.235 1.222 1.210 1.196 1.183 1.171 1.160 1.149 1.141 1.130 /Gy

dv:Sc/CellGeneric_abR2/HCP/Proton/Beta 	= 250 0.000 0.000 0.000 0.000 0.000 0.000 0.000 0.000 0.000 0.000 0.000 0.000 0.000 0.000 0.002 0.003 0.004 0.004 0.005 0.006 0.007 0.007 0.008 0.009 0.009 0.010 0.011 0.012 0.012 0.013 0.014 0.015 0.015 0.016 0.016 0.017 0.017 0.018 0.018 0.019 0.019 0.020 0.020 0.021 0.021 0.022 0.022 0.022 0.023 0.023 0.024 0.024 0.024 0.025 0.025 0.025 0.026 0.026 0.026 0.027 0.027 0.027 0.027 0.028 0.028 0.028 0.029 0.029 0.029 0.030 0.030 0.030 0.030 0.031 0.031 0.031 0.032 0.032 0.032 0.032 0.032 0.032 0.033 0.033 0.033 0.034 0.034 0.034 0.034 0.035 0.035 0.035 0.035 0.035 0.035 0.035 0.036 0.036 0.036 0.036 0.036 0.037 0.037 0.037 0.037 0.037 0.038 0.038 0.038 0.038 0.039 0.039 0.039 0.039 0.039 0.039 0.039 0.039 0.040 0.040 0.040 0.040 0.041 0.041 0.041 0.041 0.041 0.041 0.042 0.042 0.042 0.042 0.043 0.043 0.043 0.043 0.044 0.044 0.044 0.044 0.044 0.044 0.045 0.045 0.043 0.043 0.043 0.043 0.043 0.043 0.044 0.044 0.044 0.044 0.044 0.044 0.044 0.045 0.045 0.045 0.045 0.045 0.045 0.045 0.045 0.046 0.046 0.046 0.046 0.046 0.046 0.046 0.046 0.046 0.046 0.047 0.047 0.047 0.047 0.047 0.047 0.047 0.047 0.047 0.047 0.047 0.047 0.048 0.048 0.048 0.048 0.048 0.048 0.048 0.048 0.048 0.048 0.048 0.048 0.048 0.048 0.048 0.048 0.048 0.048 0.048 0.048 0.049 0.049 0.049 0.049 0.049 0.049 0.049 0.049 0.049 0.049 0.049 0.049 0.049 0.049 0.049 0.049 0.049 0.049 0.049 0.049 0.049 0.049 0.049 0.049 0.049 0.049 0.049 0.049 0.049 0.049 0.049 0.049 0.049 0.049 0.049 0.049 0.049 0.049 0.049 0.049 0.049 0.049 0.049 /Gy2
dv:Sc/CellGeneric_abR2/HCP/Helium/Beta 	= 250 0.000 0.000 0.000 0.000 0.000 0.000 0.000 0.000 0.000 0.000 0.000 0.000 0.000 0.000 0.000 0.000 0.000 0.000 0.000 0.000 0.000 0.000 0.000 0.000 0.000 0.000 0.000 0.000 0.000 0.000 0.000 0.000 0.000 0.000 0.000 0.000 0.000 0.000 0.000 0.000 0.000 0.000 0.000 0.000 0.000 0.000 0.000 0.000 0.000 0.000 0.000 0.000 0.000 0.000 0.000 0.000 0.000 0.000 0.000 0.000 0.000 0.000 0.000 0.000 0.000 0.000 0.000 0.000 0.000 0.000 0.000 0.000 0.000 0.000 0.000 0.000 0.000 0.000 0.000 0.000 0.001 0.001 0.002 0.004 0.005 0.006 0.006 0.007 0.008 0.009 0.010 0.010 0.011 0.012 0.013 0.013 0.014 0.015 0.015 0.016 0.016 0.017 0.017 0.018 0.018 0.019 0.019 0.020 0.020 0.021 0.022 0.022 0.022 0.023 0.023 0.024 0.024 0.024 0.025 0.025 0.026 0.026 0.026 0.027 0.027 0.027 0.027 0.028 0.028 0.028 0.029 0.029 0.029 0.030 0.030 0.030 0.030 0.031 0.031 0.031 0.031 0.031 0.032 0.032 0.032 0.032 0.032 0.033 0.033 0.033 0.033 0.034 0.034 0.034 0.034 0.034 0.035 0.035 0.035 0.035 0.036 0.036 0.036 0.036 0.036 0.036 0.036 0.036 0.037 0.037 0.037 0.037 0.038 0.038 0.038 0.038 0.038 0.038 0.038 0.038 0.038 0.038 0.038 0.039 0.039 0.039 0.039 0.039 0.039 0.039 0.039 0.040 0.040 0.040 0.040 0.040 0.040 0.040 0.040 0.041 0.041 0.041 0.041 0.041 0.041 0.041 0.041 0.041 0.041 0.041 0.041 0.042 0.042 0.042 0.042 0.042 0.042 0.042 0.042 0.042 0.042 0.042 0.042 0.043 0.043 0.043 0.043 0.043 0.043 0.043 0.043 0.043 0.043 0.043 0.043 0.044 0.044 0.044 0.044 0.044 0.044 0.044 0.044 0.044 0.044 0.044 0.044 0.044 0.044 0.044 /Gy2
dv:Sc/CellGeneric_abR2/HCP/Lithium/Beta 	= 250 0.000 0.000 0.000 0.000 0.000 0.000 0.000 0.000 0.000 0.000 0.000 0.000 0.000 0.000 0.000 0.000 0.000 0.000 0.000 0.000 0.000 0.000 0.000 0.000 0.000 0.000 0.000 0.000 0.000 0.000 0.000 0.000 0.000 0.000 0.000 0.000 0.000 0.000 0.000 0.000 0.000 0.000 0.000 0.000 0.000 0.000 0.000 0.000 0.000 0.000 0.000 0.000 0.000 0.000 0.000 0.000 0.000 0.000 0.000 0.000 0.000 0.000 0.000 0.000 0.000 0.000 0.000 0.000 0.000 0.000 0.000 0.000 0.000 0.000 0.000 0.000 0.000 0.000 0.000 0.000 0.000 0.000 0.000 0.000 0.000 0.000 0.000 0.000 0.000 0.000 0.000 0.000 0.000 0.000 0.000 0.000 0.000 0.000 0.000 0.000 0.000 0.000 0.000 0.000 0.000 0.000 0.000 0.000 0.000 0.000 0.000 0.000 0.000 0.000 0.002 0.002 0.003 0.004 0.004 0.005 0.007 0.007 0.008 0.009 0.010 0.011 0.012 0.012 0.013 0.014 0.015 0.015 0.016 0.017 0.017 0.018 0.018 0.019 0.019 0.020 0.020 0.021 0.021 0.021 0.022 0.022 0.023 0.023 0.024 0.024 0.025 0.025 0.026 0.026 0.026 0.027 0.027 0.027 0.027 0.028 0.028 0.029 0.029 0.029 0.029 0.030 0.030 0.030 0.030 0.031 0.031 0.031 0.031 0.032 0.032 0.032 0.032 0.033 0.033 0.033 0.033 0.033 0.033 0.034 0.034 0.034 0.034 0.034 0.035 0.035 0.035 0.035 0.035 0.035 0.035 0.036 0.036 0.036 0.036 0.036 0.036 0.037 0.037 0.037 0.037 0.037 0.037 0.038 0.038 0.037 0.038 0.038 0.038 0.038 0.038 0.038 0.038 0.039 0.039 0.039 0.039 0.039 0.039 0.039 0.039 0.039 0.039 0.040 0.040 0.040 0.040 0.040 0.040 0.040 0.040 0.040 0.040 0.040 0.040 0.040 0.040 0.040 0.040 0.040 0.041 0.041 0.041 0.041 0.041 0.041 /Gy2
dv:Sc/CellGeneric_abR2/HCP/Beryllium/Beta 	= 250 0.000 0.000 0.000 0.000 0.000 0.000 0.000 0.000 0.000 0.000 0.000 0.000 0.000 0.000 0.000 0.000 0.000 0.000 0.000 0.000 0.000 0.000 0.000 0.000 0.000 0.000 0.000 0.000 0.000 0.000 0.000 0.000 0.000 0.000 0.000 0.000 0.000 0.000 0.000 0.000 0.000 0.000 0.000 0.000 0.000 0.000 0.000 0.000 0.000 0.000 0.000 0.000 0.000 0.000 0.000 0.000 0.000 0.000 0.000 0.000 0.000 0.000 0.000 0.000 0.000 0.000 0.000 0.000 0.000 0.000 0.000 0.000 0.000 0.000 0.000 0.000 0.000 0.000 0.000 0.000 0.000 0.000 0.000 0.000 0.000 0.000 0.000 0.000 0.000 0.000 0.000 0.000 0.000 0.000 0.000 0.000 0.000 0.000 0.000 0.000 0.000 0.000 0.000 0.000 0.000 0.000 0.000 0.000 0.000 0.000 0.000 0.000 0.000 0.000 0.000 0.000 0.000 0.000 0.000 0.000 0.000 0.000 0.000 0.000 0.000 0.000 0.000 0.000 0.000 0.000 0.000 0.000 0.000 0.001 0.002 0.002 0.003 0.005 0.005 0.006 0.007 0.008 0.009 0.010 0.011 0.011 0.012 0.013 0.014 0.015 0.015 0.016 0.016 0.017 0.018 0.018 0.019 0.019 0.020 0.020 0.021 0.021 0.022 0.022 0.023 0.023 0.023 0.023 0.024 0.025 0.025 0.025 0.026 0.026 0.027 0.027 0.027 0.028 0.028 0.028 0.029 0.029 0.029 0.029 0.030 0.030 0.030 0.030 0.031 0.031 0.031 0.032 0.032 0.032 0.032 0.032 0.032 0.033 0.033 0.033 0.033 0.033 0.034 0.034 0.034 0.034 0.034 0.035 0.035 0.035 0.035 0.035 0.035 0.035 0.035 0.036 0.036 0.036 0.036 0.036 0.036 0.036 0.037 0.037 0.037 0.037 0.037 0.037 0.037 0.037 0.037 0.038 0.038 0.038 0.038 0.038 0.038 0.038 0.038 0.038 0.039 0.039 0.039 0.039 0.039 0.039 0.039 0.039 0.039 0.039 /Gy2
dv:Sc/CellGeneric_abR2/HCP/Boron/Beta 	= 250 0.000 0.000 0.000 0.000 0.000 0.000 0.000 0.000 0.000 0.000 0.000 0.000 0.000 0.000 0.000 0.000 0.000 0.000 0.000 0.000 0.000 0.000 0.000 0.000 0.000 0.000 0.000 0.000 0.000 0.000 0.000 0.000 0.000 0.000 0.000 0.000 0.000 0.000 0.000 0.000 0.000 0.000 0.000 0.000 0.000 0.000 0.000 0.000 0.000 0.000 0.000 0.000 0.000 0.000 0.000 0.000 0.000 0.000 0.000 0.000 0.000 0.000 0.000 0.000 0.000 0.000 0.000 0.000 0.000 0.000 0.000 0.000 0.000 0.000 0.000 0.000 0.000 0.000 0.000 0.000 0.000 0.000 0.000 0.000 0.000 0.000 0.000 0.000 0.000 0.000 0.000 0.000 0.000 0.000 0.000 0.000 0.000 0.000 0.000 0.000 0.000 0.000 0.000 0.000 0.000 0.000 0.000 0.000 0.000 0.000 0.000 0.000 0.000 0.000 0.000 0.000 0.000 0.000 0.000 0.000 0.000 0.000 0.000 0.000 0.000 0.000 0.000 0.000 0.000 0.000 0.000 0.000 0.000 0.000 0.000 0.000 0.000 0.000 0.000 0.000 0.000 0.000 0.000 0.000 0.000 0.000 0.001 0.002 0.003 0.004 0.005 0.005 0.006 0.007 0.009 0.008 0.009 0.010 0.011 0.011 0.013 0.013 0.013 0.015 0.016 0.016 0.017 0.017 0.018 0.019 0.019 0.020 0.020 0.021 0.021 0.022 0.022 0.023 0.023 0.024 0.024 0.024 0.025 0.025 0.025 0.026 0.026 0.026 0.027 0.027 0.027 0.028 0.028 0.029 0.029 0.029 0.029 0.030 0.030 0.030 0.030 0.030 0.031 0.031 0.031 0.032 0.032 0.032 0.032 0.032 0.033 0.033 0.033 0.033 0.033 0.033 0.034 0.034 0.034 0.034 0.034 0.035 0.035 0.035 0.035 0.035 0.035 0.035 0.035 0.036 0.036 0.036 0.036 0.036 0.036 0.036 0.036 0.036 0.036 0.037 0.037 0.037 0.037 0.037 0.037 0.037 0.037 0.037 0.037 0.037 /Gy2
dv:Sc/CellGeneric_abR2/HCP/Carbon/Beta 	= 250 0.000 0.000 0.000 0.000 0.000 0.000 0.000 0.000 0.000 0.000 0.000 0.000 0.000 0.000 0.000 0.000 0.000 0.000 0.000 0.000 0.000 0.000 0.000 0.000 0.000 0.000 0.000 0.000 0.000 0.000 0.000 0.000 0.000 0.000 0.000 0.000 0.000 0.000 0.000 0.000 0.000 0.000 0.000 0.000 0.000 0.000 0.000 0.000 0.000 0.000 0.000 0.000 0.000 0.000 0.000 0.000 0.000 0.000 0.000 0.000 0.000 0.000 0.000 0.000 0.000 0.000 0.000 0.000 0.000 0.000 0.000 0.000 0.000 0.000 0.000 0.000 0.000 0.000 0.000 0.000 0.000 0.000 0.000 0.000 0.000 0.000 0.000 0.000 0.000 0.000 0.000 0.000 0.000 0.000 0.000 0.000 0.000 0.000 0.000 0.000 0.000 0.000 0.000 0.000 0.000 0.000 0.000 0.000 0.000 0.000 0.000 0.000 0.000 0.000 0.000 0.000 0.000 0.000 0.000 0.000 0.000 0.000 0.000 0.000 0.000 0.000 0.000 0.000 0.000 0.000 0.000 0.000 0.000 0.000 0.000 0.000 0.000 0.000 0.000 0.000 0.000 0.000 0.000 0.000 0.000 0.000 0.000 0.000 0.000 0.000 0.000 0.000 0.000 0.000 0.000 0.000 0.000 0.000 0.000 0.000 0.000 0.001 0.002 0.004 0.005 0.006 0.006 0.007 0.008 0.009 0.010 0.010 0.011 0.012 0.012 0.013 0.014 0.015 0.015 0.016 0.017 0.018 0.018 0.019 0.019 0.020 0.020 0.021 0.021 0.022 0.022 0.023 0.023 0.024 0.024 0.024 0.025 0.025 0.026 0.026 0.026 0.026 0.026 0.027 0.027 0.028 0.028 0.028 0.029 0.029 0.029 0.030 0.030 0.030 0.030 0.031 0.031 0.031 0.031 0.031 0.031 0.032 0.032 0.032 0.032 0.033 0.033 0.033 0.033 0.033 0.033 0.034 0.034 0.034 0.034 0.034 0.034 0.034 0.035 0.035 0.035 0.035 0.035 0.035 0.035 0.036 0.036 0.036 0.036 0.036 /Gy2
dv:Sc/CellGeneric_abR2/HCP/Nitrogen/Beta 	= 250 0.000 0.000 0.000 0.000 0.000 0.000 0.000 0.000 0.000 0.000 0.000 0.000 0.000 0.000 0.000 0.000 0.000 0.000 0.000 0.000 0.000 0.000 0.000 0.000 0.000 0.000 0.000 0.000 0.000 0.000 0.000 0.000 0.000 0.000 0.000 0.000 0.000 0.000 0.000 0.000 0.000 0.000 0.000 0.000 0.000 0.000 0.000 0.000 0.000 0.000 0.000 0.000 0.000 0.000 0.000 0.000 0.000 0.000 0.000 0.000 0.000 0.000 0.000 0.000 0.000 0.000 0.000 0.000 0.000 0.000 0.000 0.000 0.000 0.000 0.000 0.000 0.000 0.000 0.000 0.000 0.000 0.000 0.000 0.000 0.000 0.000 0.000 0.000 0.000 0.000 0.000 0.000 0.000 0.000 0.000 0.000 0.000 0.000 0.000 0.000 0.000 0.000 0.000 0.000 0.000 0.000 0.000 0.000 0.000 0.000 0.000 0.000 0.000 0.000 0.000 0.000 0.000 0.000 0.000 0.000 0.000 0.000 0.000 0.000 0.000 0.000 0.000 0.000 0.000 0.000 0.000 0.000 0.000 0.000 0.000 0.000 0.000 0.000 0.000 0.000 0.000 0.000 0.000 0.000 0.000 0.000 0.000 0.000 0.000 0.000 0.000 0.000 0.000 0.000 0.000 0.000 0.000 0.000 0.000 0.000 0.000 0.000 0.000 0.000 0.000 0.000 0.000 0.000 0.000 0.000 0.000 0.000 0.001 0.002 0.002 0.003 0.004 0.005 0.006 0.007 0.008 0.009 0.009 0.010 0.011 0.012 0.012 0.013 0.014 0.014 0.015 0.016 0.017 0.017 0.018 0.019 0.019 0.020 0.020 0.020 0.021 0.021 0.022 0.022 0.023 0.023 0.024 0.024 0.025 0.025 0.025 0.026 0.026 0.026 0.027 0.027 0.027 0.027 0.027 0.028 0.028 0.029 0.029 0.029 0.029 0.030 0.030 0.030 0.030 0.031 0.031 0.031 0.031 0.032 0.032 0.032 0.032 0.032 0.032 0.032 0.033 0.033 0.033 0.033 0.033 0.034 0.034 0.034 0.034 0.034 /Gy2
dv:Sc/CellGeneric_abR2/HCP/Oxygen/Beta 	= 250 0.000 0.000 0.000 0.000 0.000 0.000 0.000 0.000 0.000 0.000 0.000 0.000 0.000 0.000 0.000 0.000 0.000 0.000 0.000 0.000 0.000 0.000 0.000 0.000 0.000 0.000 0.000 0.000 0.000 0.000 0.000 0.000 0.000 0.000 0.000 0.000 0.000 0.000 0.000 0.000 0.000 0.000 0.000 0.000 0.000 0.000 0.000 0.000 0.000 0.000 0.000 0.000 0.000 0.000 0.000 0.000 0.000 0.000 0.000 0.000 0.000 0.000 0.000 0.000 0.000 0.000 0.000 0.000 0.000 0.000 0.000 0.000 0.000 0.000 0.000 0.000 0.000 0.000 0.000 0.000 0.000 0.000 0.000 0.000 0.000 0.000 0.000 0.000 0.000 0.000 0.000 0.000 0.000 0.000 0.000 0.000 0.000 0.000 0.000 0.000 0.000 0.000 0.000 0.000 0.000 0.000 0.000 0.000 0.000 0.000 0.000 0.000 0.000 0.000 0.000 0.000 0.000 0.000 0.000 0.000 0.000 0.000 0.000 0.000 0.000 0.000 0.000 0.000 0.000 0.000 0.000 0.000 0.000 0.000 0.000 0.000 0.000 0.000 0.000 0.000 0.000 0.000 0.000 0.000 0.000 0.000 0.000 0.000 0.000 0.000 0.000 0.000 0.000 0.000 0.000 0.000 0.000 0.000 0.000 0.000 0.000 0.000 0.000 0.000 0.000 0.000 0.000 0.000 0.000 0.000 0.000 0.000 0.000 0.000 0.000 0.000 0.000 0.000 0.000 0.000 0.000 0.000 0.000 0.002 0.003 0.004 0.004 0.004 0.005 0.007 0.008 0.008 0.009 0.010 0.011 0.011 0.012 0.013 0.013 0.014 0.015 0.015 0.016 0.016 0.017 0.018 0.018 0.019 0.020 0.020 0.021 0.021 0.022 0.022 0.022 0.023 0.023 0.024 0.024 0.025 0.025 0.025 0.026 0.026 0.026 0.027 0.027 0.027 0.028 0.028 0.028 0.028 0.028 0.028 0.029 0.029 0.029 0.030 0.030 0.030 0.030 0.031 0.031 0.031 0.031 0.031 0.032 0.032 0.032 0.032 /Gy2
